# Anisotropy factors from He & Keek 2016 for case c with a short disk radius of 4R*, with slope of 0.5.
# Columns: inclination angle (deg), 1/xi_d, 1/xi_r, 1/xi_p
# Note that 1/xi_b = 1/xi_d + 1/xi_r
0.000000000000000000e+00 9.999995392358922430e-01 8.499492265644935651e-01 2.138146363355292845e+00
1.000000000000000000e+00 9.999667997540085951e-01 8.497627476801343782e-01 2.137662426793369264e+00
2.000000000000000000e+00 9.998659808283443251e-01 8.492036352438049329e-01 2.136211102028627629e+00
3.000000000000000444e+00 9.996932006904302170e-01 8.482723497741690988e-01 2.133793843265173074e+00
4.000000000000000000e+00 9.994446066436437626e-01 8.465669442855290328e-01 2.130407438061352465e+00
5.000000000000000000e+00 9.991163798017661524e-01 8.447772302452515314e-01 2.126064901688741404e+00
6.000000000000000888e+00 9.987047398041843937e-01 8.419668824525683437e-01 2.120755235072323774e+00
7.000000000000000000e+00 9.982059495019741657e-01 8.389223173277764456e-01 2.114493765122480884e+00
8.000000000000000000e+00 9.976163196091285545e-01 8.354656445852218782e-01 2.107284814590698829e+00
9.000000000000000000e+00 9.969322133132376695e-01 8.313507313174858249e-01 2.099121818959230446e+00
1.000000000000000000e+01 9.961500508399659948e-01 8.268216917365669438e-01 2.090019052502257502e+00
1.100000000000000000e+01 9.952663139657242919e-01 8.218609255229503141e-01 2.079983252182383779e+00
1.200000000000000178e+01 9.942775504729938207e-01 8.164828437748219425e-01 2.069022768685959690e+00
1.300000000000000000e+01 9.931803785428223730e-01 8.105458091704440537e-01 2.057131907846760477e+00
1.400000000000000000e+01 9.919714910790836671e-01 8.042258366562010652e-01 2.044333097197970517e+00
1.499999999999999822e+01 9.906476599591704790e-01 7.975603621493646544e-01 2.030645209526418693e+00
1.600000000000000000e+01 9.892057402058733739e-01 7.903602538041126779e-01 2.016046953039717149e+00
1.700000000000000000e+01 9.876426740752910494e-01 7.828889396170987114e-01 2.000590948698729221e+00
1.800000000000000000e+01 9.859554950557138930e-01 7.748923149365755103e-01 1.984242828857346375e+00
1.900000000000000000e+01 9.841413317725238308e-01 7.665817960016971799e-01 1.967051998163287463e+00
2.000000000000000000e+01 9.821974117942655624e-01 7.579478473831854357e-01 1.949033372164741040e+00
2.100000000000000000e+01 9.801210653351593027e-01 7.488558726830432111e-01 1.930164815469378681e+00
2.200000000000000000e+01 9.779097288494416063e-01 7.394266277669665488e-01 1.910486084497699188e+00
2.300000000000000000e+01 9.755609485130568581e-01 7.296786087217755901e-01 1.890015069129822312e+00
2.400000000000000355e+01 9.730723835883412498e-01 7.196075568141943046e-01 1.868769344698484547e+00
2.500000000000000000e+01 9.704418096674921612e-01 7.091630923187434155e-01 1.846729014483976083e+00
2.600000000000000000e+01 9.676671217907479861e-01 6.984617274514425267e-01 1.823971291042688847e+00
2.700000000000000000e+01 9.647463374353563159e-01 6.874853830214332495e-01 1.800496278268746364e+00
2.800000000000000000e+01 9.616775993715598325e-01 6.761974343164214307e-01 1.776294166983546363e+00
2.900000000000000355e+01 9.584591783819860211e-01 6.647026346887956461e-01 1.751435869960842551e+00
2.999999999999999645e+01 9.550894758409872454e-01 6.529135269506540773e-01 1.725892462515924874e+00
3.100000000000000000e+01 9.515670261506468108e-01 6.409221506642850397e-01 1.699737186752224405e+00
3.200000000000000000e+01 9.478904990303333999e-01 6.286649780802029408e-01 1.672929408013636543e+00
3.300000000000000000e+01 9.440587016568597889e-01 6.162529848013269529e-01 1.645548198708981502e+00
3.400000000000000000e+01 9.400705806524818353e-01 6.036396755405069037e-01 1.617604951184548723e+00
3.500000000000000000e+01 9.359252239181523603e-01 5.908186461560853697e-01 1.589105763020269402e+00
3.600000000000000000e+01 9.316218623096279572e-01 5.778682310914725617e-01 1.560100573123299750e+00
3.700000000000000000e+01 9.271598711542163862e-01 5.647551140510083112e-01 1.530614689311461385e+00
3.800000000000000000e+01 9.225387716061371757e-01 5.515613388146992646e-01 1.500679950086371450e+00
3.900000000000000000e+01 9.177582318386671156e-01 5.382303905032399527e-01 1.470312360285315201e+00
4.000000000000000000e+01 9.128180680714286233e-01 5.247275398222738252e-01 1.439486989943722817e+00
4.100000000000000000e+01 9.077182454313832416e-01 5.112481259098153874e-01 1.408363232305694934e+00
4.200000000000000000e+01 9.024588786462834911e-01 4.976366127666654315e-01 1.376861124243174972e+00
4.300000000000000000e+01 8.970402325695441270e-01 4.840072451121374408e-01 1.345061636606674105e+00
4.400000000000000000e+01 8.914627225356872575e-01 4.703279350647611157e-01 1.312984721102710139e+00
4.500000000000000000e+01 8.857269145457233872e-01 4.566179344992202238e-01 1.280649807370959126e+00
4.600000000000000000e+01 8.798335252820319585e-01 4.428786512839099632e-01 1.248074233206650341e+00
4.700000000000000000e+01 8.737834219525083546e-01 4.291649588033965013e-01 1.215354019144774700e+00
4.800000000000000711e+01 8.675776219639488307e-01 4.154476623067654972e-01 1.182448419062032130e+00
4.900000000000000000e+01 8.612172924248480133e-01 4.018373949369731801e-01 1.149487247685533120e+00
5.000000000000000000e+01 8.547037494779912148e-01 3.881958381369094990e-01 1.116381809225809763e+00
5.100000000000000000e+01 8.480384574634212136e-01 3.747119850491625326e-01 1.083307344991781829e+00
5.200000000000000000e+01 8.412230279125698651e-01 3.612327041365041569e-01 1.050135291467508170e+00
5.300000000000000000e+01 8.342592183745380918e-01 3.478659132326328285e-01 1.017026962538058354e+00
5.400000000000000000e+01 8.271489310757191848e-01 3.346219392077149357e-01 9.839705400937588387e-01
5.500000000000000000e+01 8.198942114141509752e-01 3.214668397269857536e-01 9.509692173985807573e-01
5.600000000000000000e+01 8.124972462901831616e-01 3.084776473491088744e-01 9.181311122335960029e-01
5.700000000000000711e+01 8.049603622752472543e-01 2.956216622902455016e-01 8.854251605037558592e-01
5.800000000000000711e+01 7.972860236207011120e-01 2.829227021621888438e-01 8.529235313791392326e-01
5.900000000000000711e+01 7.894768301089232221e-01 2.703934609747996043e-01 8.206462349302069414e-01
5.999999999999999289e+01 7.815355147490068433e-01 2.580767042389035537e-01 7.886445369934490524e-01
6.100000000000000000e+01 7.734649413196068579e-01 2.459810900087086583e-01 7.569672975036062512e-01
6.200000000000000000e+01 7.652681017616529413e-01 2.340510778528795410e-01 7.255643717794516556e-01
6.300000000000000000e+01 7.569481134238873477e-01 2.223599734060723587e-01 6.945136347152621736e-01
6.400000000000000000e+01 7.413484257658009557e-01 2.108887985640224838e-01 6.640568879052008988e-01
6.500000000000000000e+01 7.093730066342501805e-01 1.997115602881107121e-01 6.346135113166073705e-01
6.600000000000000000e+01 6.689534458554822205e-01 1.884989204231203586e-01 6.055512036533073905e-01
6.700000000000000000e+01 6.229169338390370125e-01 1.771950105892421135e-01 5.768348234591013091e-01
6.800000000000000000e+01 5.732025661877904188e-01 1.656390320345615674e-01 5.482497920839382033e-01
6.900000000000000000e+01 5.214547305027541491e-01 1.535857262473546425e-01 5.195598677917133701e-01
7.000000000000000000e+01 4.760146576530078222e-01 1.409199576442030089e-01 4.905353888433730547e-01
7.100000000000000000e+01 4.351053473566653396e-01 1.280389782395325027e-01 4.609574205240367095e-01
7.200000000000000000e+01 3.937466379117368631e-01 1.152393549281147123e-01 4.305725858620582658e-01
7.300000000000000000e+01 3.519477192785900876e-01 1.028451402532210013e-01 3.994711368076714342e-01
7.400000000000000000e+01 3.098328716949745321e-01 9.108141338947207954e-02 3.679074123335940860e-01
7.500000000000000000e+01 2.676231404153996962e-01 8.001622400360351717e-02 3.360671323986285652e-01
7.600000000000000000e+01 2.256337054060785219e-01 6.978009275121666022e-02 3.043989657436249607e-01
7.700000000000000000e+01 1.842813092983063838e-01 6.037399187080642882e-02 2.732052506062954689e-01
7.800000000000000000e+01 1.441026738181953315e-01 5.179437916826760274e-02 2.427926522244848728e-01
7.900000000000000000e+01 1.057900202266612716e-01 4.401110739516210513e-02 2.134131585331577596e-01
8.000000000000000000e+01 7.026013686473764341e-02 3.700408169859998458e-02 1.853334009105252200e-01
8.100000000000000000e+01 3.880485367447869538e-02 3.069634464319472011e-02 1.586058097101322728e-01
8.200000000000000000e+01 1.351079351302107538e-02 2.503021764208678349e-02 1.332963375773942583e-01
8.300000000000000000e+01 0.000000000000000000e+00 1.989850056404827289e-02 1.092190667612448624e-01
8.400000000000000000e+01 0.000000000000000000e+00 1.530069282351342701e-02 8.656874356840929541e-02
8.500000000000000000e+01 0.000000000000000000e+00 1.144635734042067678e-02 6.658220039984358296e-02
8.600000000000000000e+01 0.000000000000000000e+00 8.218006534342675931e-03 4.904057587925678835e-02
8.700000000000000000e+01 0.000000000000000000e+00 5.532871944014144602e-03 3.380650750853046727e-02
8.800000000000000000e+01 0.000000000000000000e+00 3.303420530525461724e-03 2.063511128242136172e-02
8.900000000000000000e+01 0.000000000000000000e+00 1.465202111317122271e-03 9.344512641805895886e-03
9.000000000000000000e+01 0.000000000000000000e+00 0.000000000000000000e+00 0.000000000000000000e+00
