# Anisotropy factors from He & Keek 2016 for case d in Fig. 8
# Columns: inclination angle (deg), 1/xi_d, 1/xi_r, 1/xi_p
# Note that 1/xi_b = 1/xi_d + 1/xi_r
0.000000000000000000e+00 9.999995392358922430e-01 1.139352230402335353e+00 2.577214491547639152e+00
1.000000000000000000e+00 9.999667997540085951e-01 1.139088647530608789e+00 2.576557957045439995e+00
2.000000000000000000e+00 9.998659808283443251e-01 1.138298159431573753e+00 2.574589036191580416e+00
3.000000000000000444e+00 9.996932006904302170e-01 1.136981533260367438e+00 2.571309776148391180e+00
4.000000000000000000e+00 9.994446066436437626e-01 1.135140047912601480e+00 2.566723586200716056e+00
5.000000000000000000e+00 9.991163798017661524e-01 1.132775491448946736e+00 2.560835233780719200e+00
6.000000000000000888e+00 9.987047398041843937e-01 1.129890135034187670e+00 2.553650838909327092e+00
7.000000000000000000e+00 9.982059495019741657e-01 1.126486724925063410e+00 2.545177867061005905e+00
8.000000000000000000e+00 9.976163196091285545e-01 1.120581954777355893e+00 2.535358970364165909e+00
9.000000000000000000e+00 9.969322133132376695e-01 1.115201067818618830e+00 2.524304902734740619e+00
1.000000000000000000e+01 9.961500508399659948e-01 1.109670971094306235e+00 2.512004542596886214e+00
1.100000000000000000e+01 9.952663139657242919e-01 1.103819432406377921e+00 2.498464742834806795e+00
1.200000000000000178e+01 9.942775504729938207e-01 1.097563738690354063e+00 2.483696602976710022e+00
1.300000000000000000e+01 9.931803785428223730e-01 1.089909556221527742e+00 2.467604304068485632e+00
1.400000000000000000e+01 9.919714910790836671e-01 1.081991289041474680e+00 2.450334412199551171e+00
1.499999999999999822e+01 9.906476599591704790e-01 1.073988788535281680e+00 2.431921786046554956e+00
1.600000000000000000e+01 9.892057402058733739e-01 1.065675068484541743e+00 2.412363803473203561e+00
1.700000000000000000e+01 9.876426740752910494e-01 1.055875008824258554e+00 2.391455139676706754e+00
1.800000000000000000e+01 9.859554950557138930e-01 1.046333382820167968e+00 2.369552167928435260e+00
1.900000000000000000e+01 9.841413317725238308e-01 1.036543930530602120e+00 2.346586072788156230e+00
2.000000000000000000e+01 9.821974117942655624e-01 1.025490862433802386e+00 2.322292548236915888e+00
2.100000000000000000e+01 9.801210653351593027e-01 1.014648183222015110e+00 2.297118095520136904e+00
2.200000000000000000e+01 9.779097288494416063e-01 1.003009600818365321e+00 2.270758715333937250e+00
2.300000000000000000e+01 9.755609485130568581e-01 9.912083362206021153e-01 2.243457144771842326e+00
2.400000000000000355e+01 9.730723835883412498e-01 9.789562874007337046e-01 2.215134911638905635e+00
2.500000000000000000e+01 9.704418096674921612e-01 9.662564151391205280e-01 2.185808630898323113e+00
2.600000000000000000e+01 9.676671217907479861e-01 9.532708204127345875e-01 2.155567454530561644e+00
2.700000000000000000e+01 9.647463374353563159e-01 9.398267296626447997e-01 2.124374526753612713e+00
2.800000000000000000e+01 9.616775993715598325e-01 9.260878261521416910e-01 2.092281871761447309e+00
2.900000000000000355e+01 9.584591783819860211e-01 9.121273759324057817e-01 2.059438208002197346e+00
2.999999999999999645e+01 9.550894758409872454e-01 8.977163327026420614e-01 2.025627640241531413e+00
3.100000000000000000e+01 9.515670261506468108e-01 8.832194374334169096e-01 1.991248184336950056e+00
3.200000000000000000e+01 9.478904990303333999e-01 8.681291361191639799e-01 1.955835165863245795e+00
3.300000000000000000e+01 9.440587016568597889e-01 8.529149841912538887e-01 1.919789769838076809e+00
3.400000000000000000e+01 9.400705806524818353e-01 8.375540268271370881e-01 1.883165671591901624e+00
3.500000000000000000e+01 9.359252239181523603e-01 8.219649035699194695e-01 1.845881203772020474e+00
3.600000000000000000e+01 9.316218623096279572e-01 8.060467404340929676e-01 1.807874497158488136e+00
3.700000000000000000e+01 9.271598711542163862e-01 7.899588107763828582e-01 1.769350367919192202e+00
3.800000000000000000e+01 9.225387716061371757e-01 7.737227883300564768e-01 1.730306286815903816e+00
3.900000000000000000e+01 9.177582318386671156e-01 7.573767482121347427e-01 1.690877066947946039e+00
4.000000000000000000e+01 9.128180680714286233e-01 7.408588980598359575e-01 1.650970163575583571e+00
4.100000000000000000e+01 9.077182454313832416e-01 7.241696642323851574e-01 1.610574647288110617e+00
4.200000000000000000e+01 9.024588786462834911e-01 7.073804883687031531e-01 1.569852739507526573e+00
4.300000000000000000e+01 8.970402325695441270e-01 6.905173815615118782e-01 1.528806297074210008e+00
4.400000000000000000e+01 8.914627225356872575e-01 6.735368324239993099e-01 1.487493869485220221e+00
4.500000000000000000e+01 8.857269145457233872e-01 6.565465034384494469e-01 1.446002487338263531e+00
4.600000000000000000e+01 8.798335252820319585e-01 6.395042858003685549e-01 1.404302789483513836e+00
4.700000000000000000e+01 8.737834219525083546e-01 6.223726404834113435e-01 1.362390262424438836e+00
4.800000000000000711e+01 8.675776219639488307e-01 6.052553025669002995e-01 1.320402462817451772e+00
4.900000000000000000e+01 8.612172924248480133e-01 5.881159184956991082e-01 1.278430479467197234e+00
5.000000000000000000e+01 8.547037494779912148e-01 5.709800596680889573e-01 1.236483744824026232e+00
5.100000000000000000e+01 8.480384574634212136e-01 5.538215630454974558e-01 1.194549847481710003e+00
5.200000000000000000e+01 8.412230279125698651e-01 5.366120340901157082e-01 1.152649535521857338e+00
5.300000000000000000e+01 8.342592183745380918e-01 5.194045775246540764e-01 1.110988325420007694e+00
5.400000000000000000e+01 8.271489310757191848e-01 5.021335382704780192e-01 1.069413274844747797e+00
5.500000000000000000e+01 8.198942114141509752e-01 4.848134110895693238e-01 1.028107824892417588e+00
5.600000000000000000e+01 8.124972462901831616e-01 4.673742311576465358e-01 9.870142225236563371e-01
5.700000000000000711e+01 8.049603622752472543e-01 4.498429149883838574e-01 9.463119742933009393e-01
5.800000000000000711e+01 7.972860236207011120e-01 4.320995776112278586e-01 9.058596782885257603e-01
5.900000000000000711e+01 7.894768301089232221e-01 4.140446201189837971e-01 8.657728468406934441e-01
5.999999999999999289e+01 7.815355147490068433e-01 3.956328177064946106e-01 8.260991385737856962e-01
6.100000000000000000e+01 7.734649413196068579e-01 3.766156314579923725e-01 7.867568219279736930e-01
6.200000000000000000e+01 7.652681017616529413e-01 3.565071465917435956e-01 7.471814552042087554e-01
6.300000000000000000e+01 7.569481134238873477e-01 3.333817382196329060e-01 6.984630910728554243e-01
6.400000000000000000e+01 0.000000000000000000e+00 1.691635982675877559e-01 6.485106196081423698e-03
6.500000000000000000e+01 0.000000000000000000e+00 1.557658621084340722e-01 3.201094384882424791e-03
6.600000000000000000e+01 0.000000000000000000e+00 1.441168215671577713e-01 2.176141589407615089e-03
6.700000000000000000e+01 0.000000000000000000e+00 1.334814222171399889e-01 1.646425523411187194e-03
6.800000000000000000e+01 0.000000000000000000e+00 1.235732134294450085e-01 1.313028900442384005e-03
6.900000000000000000e+01 0.000000000000000000e+00 1.143322249599909995e-01 1.080514906723857322e-03
7.000000000000000000e+01 0.000000000000000000e+00 1.055512661829843130e-01 9.053449124381422785e-04
7.100000000000000000e+01 0.000000000000000000e+00 9.725482853861897037e-02 7.690300529269460030e-04
7.200000000000000000e+01 0.000000000000000000e+00 8.939026381023665313e-02 6.591035682521438751e-04
7.300000000000000000e+01 0.000000000000000000e+00 8.189679671292858509e-02 5.680240656757461811e-04
7.400000000000000000e+01 0.000000000000000000e+00 7.474090478704811802e-02 4.907053475213052698e-04
7.500000000000000000e+01 0.000000000000000000e+00 6.798367759914411557e-02 4.252395763941028560e-04
7.600000000000000000e+01 0.000000000000000000e+00 6.150953793509630202e-02 3.681843617480743368e-04
7.700000000000000000e+01 0.000000000000000000e+00 5.534391853409125622e-02 3.183246610929169919e-04
7.800000000000000000e+01 0.000000000000000000e+00 4.949052726710350542e-02 2.744741080295919197e-04
7.900000000000000000e+01 0.000000000000000000e+00 4.385436453125125117e-02 2.350860794906280745e-04
8.000000000000000000e+01 0.000000000000000000e+00 3.864426478307299295e-02 2.010666712398292792e-04
8.100000000000000000e+01 0.000000000000000000e+00 3.364258595570133320e-02 1.701621756965513170e-04
8.200000000000000000e+01 0.000000000000000000e+00 2.886666430062428956e-02 1.421968790093549738e-04
8.300000000000000000e+01 0.000000000000000000e+00 2.436946443130738951e-02 1.171509281459105393e-04
8.400000000000000000e+01 0.000000000000000000e+00 2.012233579652650262e-02 9.456486315011806900e-05
8.500000000000000000e+01 0.000000000000000000e+00 1.599201226272132376e-02 7.351303683520494278e-05
8.600000000000000000e+01 0.000000000000000000e+00 1.228862833320062790e-02 5.542537285394635193e-05
8.700000000000000000e+01 0.000000000000000000e+00 8.587445791099832318e-03 3.797859948200558923e-05
8.800000000000000000e+01 0.000000000000000000e+00 5.378492038651426152e-03 2.341059952647543211e-05
8.900000000000000000e+01 0.000000000000000000e+00 2.266118892031617101e-03 9.724062179423956844e-06
9.000000000000000000e+01 0.000000000000000000e+00 0.000000000000000000e+00 0.000000000000000000e+00
