# File 4u1636-536_superburst.dat
#
# This profile forms part of the sample assembled for the paper
#   "Thermonuclear burst observations for model comparisons: a reference
#   catalogue" by Galloway, Goodwin & Keek (2017), PASA 34, e019
#   DOI: https://doi.org/10.1017/pasa.2017.12; published online: 19/4/2017
#
# The dataset can be cited as
#   Duncan K. Galloway (2017). Dataset: Thermonuclear Burst Observations for
#   Model Comparisons: A Reference Sample.
#   DOI: http://dx.doi.org/10.4225/50/58e720d5d95a7
#
# This profile is derived from analysis in Keek et al., ApJ 789, 121 (2014)
# http://adsabs.harvard.edu/abs/2014ApJ...789..121K
# The burst emission is assumed to be the blackbody luminosity.
#
# This version of the data now includes deadtime correction (see 
# http://heasarc.gsfc.nasa.gov/docs/xte/recipes/pca_deadtime.html)
# and has the updated effective area of the v11.7 responses (see
# http://www.universe.nasa.gov/xrays/programs/rxte/pca/doc/rmf/pca-arf-2011
#
# All uncertainties below are at 1-sigma (68%) confidence. Note that the
# time value specifies the BEGINNING of the time bin, relative to the 
# precursor observed in this event.
#
# Columns are:
# Time, width of time bin, blackbody flux (1E-9 erg/cm^2/s), 1 sigma error, reflection luminosity, error
-71.7507 64.0 0.731248 0.371694 0.48628 0.247177
-7.75066 64.0 9.06373 0.377769 6.02738 0.251216
56.2493 64.0 11.7926 0.698067 8.04036 0.825594
120.249 64.0 13.0095 0.0963633 8.10524 0.894891
184.249 64.0 13.7981 0.105407 8.67527 0.918986
248.249 64.0 14.5652 0.107909 8.81241 0.968558
312.249 64.0 15.0499 0.110799 8.86604 0.998836
376.249 64.0 15.4442 0.114049 9.31983 1.01996
440.249 64.0 15.6765 0.116052 9.46802 1.02516
504.249 64.0 15.9033 0.116031 9.4851 1.0466
568.249 64.0 15.8437 0.1146 9.93993 1.04618
632.249 64.0 16.0378 0.117958 10.0467 1.04966
696.249 64.0 15.8886 0.11499 10.4325 1.05131
760.249 64.0 16.0563 0.118213 10.4309 1.05029
824.249 64.0 15.9261 0.115521 10.4582 1.05419
888.249 64.0 15.8079 0.114035 10.3252 1.04748
952.249 64.0 15.4897 0.109523 10.3716 1.03584
1016.25 64.0 15.0617 0.106976 10.3919 1.01461
1080.25 64.0 15.0447 0.108294 9.98442 1.00816
1144.25 64.0 14.6651 0.102654 10.0929 0.992551
1208.25 64.0 14.5359 0.104039 9.86508 0.984566
1272.25 64.0 14.2858 0.101051 9.80953 0.97244
1336.25 64.0 14.1616 0.101378 9.6245 0.965181
1400.25 64.0 14.5152 0.108007 9.19091 0.967064
1464.25 64.0 14.5149 0.109762 8.84925 0.963659
1528.25 64.0 14.0486 0.103891 8.79296 0.949212
1592.25 64.0 13.3697 0.10103 8.86911 0.90648
1656.25 64.0 12.8602 0.0953107 8.47681 0.883945
1720.25 64.0 12.6842 0.0979032 8.15095 0.859594
1784.25 64.0 12.1971 0.094583 8.16412 0.835657
1848.25 64.0 11.7206 0.0894807 7.95493 0.815283
1912.25 64.0 11.2936 0.0863958 7.8429 0.796703
1976.25 64.0 11.0738 0.0858502 7.70679 0.784134
2040.25 64.0 10.992 0.0851835 7.45024 0.774369
2104.25 64.0 10.6397 0.0840937 7.53869 0.752867
2168.25 64.0 10.4774 0.0794663 7.29245 0.752767
2232.25 64.0 10.4176 0.0816675 7.07471 0.740454
2296.25 64.0 9.987 0.0804486 6.99979 0.716093
2360.25 64.0 9.5772 0.0776288 6.8844 0.686927
2424.25 64.0 9.02942 0.0750746 6.63064 0.665071
2488.25 64.0 8.60812 0.073373 6.64524 0.638842
2552.25 64.0 8.20686 0.0698105 6.33416 0.618232
2616.25 64.0 7.86937 0.06691 5.92153 0.5971
2680.25 64.0 7.59952 0.069055 5.87174 0.577053
2744.25 64.0 7.45209 0.0674108 5.75595 0.57161
2808.25 64.0 7.57292 0.0828351 5.846 0.523768
4728.25 64.0 4.00111 1.42397 2.66074 0.946941
4792.25 64.0 4.1385 0.456055 2.7521 0.303276
4856.25 64.0 4.04869 0.497477 2.69238 0.330822
4920.25 64.0 4.00833 0.421348 2.66554 0.280197
4984.25 64.0 3.53179 0.358415 2.34864 0.238346
5048.25 64.0 3.49324 0.409278 2.323 0.27217
5112.25 64.0 3.39397 0.335903 2.25699 0.223375
5176.25 64.0 3.77865 0.345131 2.51281 0.229512
5240.25 64.0 3.58924 0.302563 2.38684 0.201204
5304.25 64.0 3.8183 0.322639 2.53917 0.214555
5368.25 64.0 3.40331 0.472262 2.2632 0.314055
5432.25 64.0 3.39337 0.274758 2.25659 0.182714
5496.25 64.0 3.92099 0.478397 2.60746 0.318134
5560.25 64.0 3.69488 0.31895 2.45709 0.212102
5624.25 64.0 3.66384 0.230284 2.43645 0.153139
5688.25 64.0 3.20753 0.402404 2.13301 0.267599
5752.25 64.0 3.42379 0.2417 2.27682 0.160731
5816.25 64.0 3.21742 0.359184 2.13958 0.238857
5880.25 64.0 3.47866 0.288308 2.31331 0.191725
5944.25 64.0 3.46877 0.558943 2.30673 0.371697
6008.25 64.0 3.13022 0.386651 2.08159 0.257123
6072.25 64.0 3.22027 0.203998 2.14148 0.135659
6136.25 64.0 3.50322 0.230207 2.32964 0.153088
6200.25 64.0 3.38686 0.197938 2.25226 0.131628
6264.25 64.0 2.90737 0.200147 1.9334 0.133098
6328.25 64.0 3.24468 0.247075 2.15771 0.164305
6392.25 64.0 2.90805 0.228421 1.93385 0.1519
6456.25 64.0 3.05721 0.247169 2.03304 0.164367
6520.25 64.0 2.35897 0.355554 1.56871 0.236443
6584.25 64.0 2.7449 0.201231 1.82536 0.133818
6648.25 64.0 3.00386 0.171888 1.99757 0.114305
6712.25 64.0 3.00143 0.177294 1.99595 0.117901
6776.25 64.0 2.61199 0.238735 1.73697 0.158759
6840.25 64.0 2.89497 0.162217 1.92516 0.107874
6904.25 64.0 2.48021 0.310664 1.64934 0.206591
6968.25 64.0 2.92115 0.19022 1.94256 0.126496
7032.25 64.0 2.7378 0.307487 1.82064 0.204479
7096.25 64.0 2.53974 0.238884 1.68893 0.158858
7160.25 64.0 2.66931 0.168749 1.77509 0.112218
7224.25 64.0 2.28303 0.240245 1.51822 0.159763
7288.25 64.0 2.47967 0.200469 1.64898 0.133312
7352.25 64.0 2.44716 0.208732 1.62736 0.138806
7416.25 64.0 2.55381 0.192764 1.69829 0.128188
7480.25 64.0 2.69847 0.282078 1.79448 0.187582
7544.25 64.0 2.32454 0.236473 1.54582 0.157255
7608.25 64.0 2.70816 0.227828 1.80093 0.151505
7672.25 64.0 1.9833 0.235113 1.3189 0.15635
7736.25 64.0 2.1937 0.174191 1.45881 0.115837
7800.25 64.0 2.28364 0.199526 1.51862 0.132685
7864.25 64.0 2.34689 0.160568 1.56068 0.106777
7928.25 64.0 2.2738 0.169725 1.51207 0.112867
7992.25 64.0 2.10784 0.176896 1.40171 0.117636
8056.25 64.0 2.37972 0.208275 1.58251 0.138503
8120.25 64.0 2.3113 0.168979 1.53702 0.112371
8184.25 64.0 2.1243 0.23366 1.41266 0.155384
8248.25 64.0 2.45719 0.173177 1.63403 0.115163
8312.25 64.0 2.00924 0.217126 1.33615 0.144389
8376.25 64.0 1.94438 0.215882 1.29301 0.143562
8440.25 64.0 2.10565 0.205988 1.40026 0.136982
8504.25 64.0 1.96748 0.21425 1.30838 0.142476
12696.2 1659.66 0.897777 0.0362328 0.597022 0.0240948
17352.2 2669.78 0.703637 0.0186326 0.467919 0.0123907
