# kepler_a019_mean.txt
# 
# Mean burst simulation for model a019
# See the reference paper Lampe, Galloway & Heger (in prep.)
# for further information on model preartion and analysis
# Errors reported are 1 sigma std-dev of stacked models
# Models created by Alexander Heger <heger@monash.edu>
# Analysis done by Nathanael Lampe <lampe@clermont.in2p3.fr>
# Accretion Rate (x10^-9 M_sun yr^-1): 1.172500
# Accretion luminosity (l/L_Edd): 0.067000
# H fraction: 70.480000
# Z fraction: 2.000000
# time (s), luminosity (1e37 ergs/s), u(luminosity), radius (km), u(radius)
-2.058684278659347910e+01 4.672720058224339448e+35 1.458982904511693397e+34 1.008161523561695009e+06 2.606464689681159825e+02
-1.996833977095957380e+01 4.715990182894416352e+35 1.508959547150100110e+34 1.008135630975678563e+06 2.491694792604591555e+02
-1.931715410621836782e+01 4.768620128979209039e+35 1.553686765521296554e+34 1.008136010601264774e+06 2.499934201190494321e+02
-1.862884183901769575e+01 4.828478203160219848e+35 1.593718071784061423e+34 1.008136357179630315e+06 2.515875073140239806e+02
-1.786958169682475273e+01 4.898169718619435567e+35 1.639155591555369013e+34 1.008136124522128608e+06 2.532925686231704674e+02
-1.701079777386621572e+01 4.985512092966103164e+35 1.696668051600268227e+34 1.008136027711365372e+06 2.546897308408900074e+02
-1.616172442992683500e+01 5.073827428413618679e+35 1.609873864747924154e+34 1.008135734275213792e+06 2.561920121774555241e+02
-1.525168143365590367e+01 5.178539763728764033e+35 1.534860434893673551e+34 1.008136098797867890e+06 2.584463417580230384e+02
-1.492769016012607608e+01 5.223469963186861954e+35 1.554698104731584993e+34 1.008136337843220215e+06 2.591747591073133776e+02
-1.454194133947021328e+01 5.278600335976703920e+35 1.584003944631416779e+34 1.008136675634053419e+06 2.599620330771742260e+02
-1.410076025821035728e+01 5.345599152797336315e+35 1.615752420555514517e+34 1.008137042972348398e+06 2.606292382835236481e+02
-1.360261800560692791e+01 5.423427041366058916e+35 1.661939048894587967e+34 1.008137503171060001e+06 2.613864025927858847e+02
-1.304652225339668803e+01 5.521271888376227692e+35 1.691786208147008577e+34 1.008138091619117185e+06 2.628696768394394212e+02
-1.243359106997377239e+01 5.636803051945615107e+35 1.723102106785418372e+34 1.008140606570097269e+06 2.672839135007750997e+02
-1.176580594954430126e+01 5.779264888995892245e+35 1.745731009079794441e+34 1.008140842407760094e+06 2.708286040195496298e+02
-1.104878868159721605e+01 5.954536955942119165e+35 1.759785616119956482e+34 1.008141358322669868e+06 2.751135701652353873e+02
-1.029299798625288531e+01 6.176354542610151941e+35 1.834298167691430668e+34 1.008139077426252654e+06 2.822243163427168611e+02
-9.515463931369595230e+00 6.462081788656816894e+35 2.027928247288424399e+34 1.008148357683606446e+06 2.817870279488930692e+02
-8.763232006371254101e+00 6.821536051988983103e+35 2.322135067886516490e+34 1.008156406975170365e+06 2.817739662678960144e+02
-8.210111709413467906e+00 7.172057655978172129e+35 2.759469788751304201e+34 1.008162414588914136e+06 2.855820410161565519e+02
-7.783343635950586759e+00 7.522343929894719181e+35 3.369539240743825736e+34 1.008177607347696205e+06 2.896029094458830286e+02
-7.441947529601748101e+00 7.922445833300822994e+35 4.849857380301050289e+34 1.008199171292392304e+06 3.107900453581175384e+02
-7.296835996035952121e+00 1.090037360556627503e+36 8.300595471313558016e+35 1.008210907438151538e+06 3.412399929837622494e+02
-7.136697905763867311e+00 2.109968125199396335e+36 2.938353215303357947e+36 1.008222920291289105e+06 3.854365778886507314e+02
-7.004898106126347557e+00 2.928233691348923620e+36 4.725084648158163524e+36 1.008245086533277412e+06 4.220599955769686744e+02
-6.823490729249897413e+00 4.034060449999609708e+36 7.125049660792476181e+36 1.008286864748217165e+06 4.802274338609868778e+02
-6.665874014797736891e+00 5.382223552825545198e+36 9.985555200213525964e+36 1.008318174923422630e+06 5.519509857769417067e+02
-6.535196342840208672e+00 7.366111057703392334e+36 1.330204509925073956e+37 1.008344765105557977e+06 5.900685097843071389e+02
-6.400922337546944618e+00 1.026096386275685497e+37 1.719988072846442477e+37 1.008388315313699772e+06 6.382484878047948769e+02
-6.267090994457248598e+00 1.416912786642145572e+37 2.038469282064796672e+37 1.008428452351069660e+06 7.060393508983710262e+02
-6.122168389687431045e+00 1.958032814681027504e+37 2.320476426614637527e+37 1.008486307689209003e+06 7.497447382865304917e+02
-5.996951363573316485e+00 2.731234200748645279e+37 2.534436694045603741e+37 1.008536680739112780e+06 7.627867112285855455e+02
-5.861063615840976126e+00 4.312607212757924661e+37 3.103467788342293005e+37 1.008662799450964201e+06 7.653556593588788246e+02
-5.730984100708155893e+00 6.209430845559733381e+37 2.669384629043538473e+37 9.946656937537180493e+05 5.854517865776851249e+04
-5.605380083710770123e+00 8.267738613750688103e+37 1.465966213561883673e+37 9.701326029522684403e+05 1.605748741524098441e+05
-5.479266581503907219e+00 8.993192775315965635e+37 1.255592517856059496e+37 9.695192093877808657e+05 1.638740072892021562e+05
-5.354140364652266726e+00 1.009129797587071038e+38 1.126616837716400843e+37 9.696251489787410246e+05 1.639000178715899528e+05
-5.222990383306751028e+00 1.118168057374466077e+38 9.905175475729839017e+36 9.697199168494534679e+05 1.639233614840917580e+05
-5.089527706921217032e+00 1.208155555691052420e+38 9.801289162340553965e+36 9.698034192052239086e+05 1.639440591753443005e+05
-4.958614949675393291e+00 1.276978088764784776e+38 1.060580015660753799e+37 9.698802960873780539e+05 1.639631408554466907e+05
-4.828810219347360544e+00 1.328890607673185336e+38 1.157260100568965901e+37 9.699452910246319370e+05 1.639793860168516694e+05
-4.692925893134088255e+00 1.369614144754405945e+38 1.243923819951797165e+37 9.700127227322401013e+05 1.639961981254863204e+05
-4.553467200516024604e+00 1.400957613454854577e+38 1.313185024971442820e+37 9.700739570053087082e+05 1.640115571006028040e+05
-4.413632631752989255e+00 1.425111485363071888e+38 1.357869146658955659e+37 9.701243699596093502e+05 1.640243736274907715e+05
-4.277578904424444772e+00 1.444400749869179197e+38 1.387882676180118133e+37 9.701691645176067250e+05 1.640358390818211774e+05
-4.149127206546836533e+00 1.461025285131800162e+38 1.398294631984878389e+37 9.702116171811030945e+05 1.640467536915185046e+05
-4.009023790189530700e+00 1.478792284027345421e+38 1.400807119882247124e+37 9.702550962217599154e+05 1.640579554651284707e+05
-3.882335636008065194e+00 1.495402543619988924e+38 1.401106209390557999e+37 9.702953313621332636e+05 1.640683917490907188e+05
-3.739755495815188624e+00 1.516232766333005147e+38 1.397868365723788310e+37 9.703415762801867677e+05 1.640803976035134692e+05
-3.596084737102501094e+00 1.539768665111034537e+38 1.395728353348803570e+37 9.703895923081777291e+05 1.640929172596752469e+05
-3.443234931575716473e+00 1.567644592718842339e+38 1.399277316281695597e+37 9.704390342135200044e+05 1.641058450730760233e+05
-3.312292570379213430e+00 1.594285081329978683e+38 1.419534568320606162e+37 9.704847253507003188e+05 1.641178912965256895e+05
-3.180538775879540481e+00 1.623265365989693937e+38 1.446218813120340720e+37 9.705358453832776286e+05 1.641313809386024077e+05
-3.031866140940110199e+00 1.658825325913296165e+38 1.469993854401337076e+37 9.705949754951428622e+05 1.641470671681499807e+05
-2.875127726438222453e+00 1.699292262927145054e+38 1.506274132197440222e+37 9.706613257379686693e+05 1.641646673025049386e+05
-2.745461385144153610e+00 1.734102747624915095e+38 1.531165109822601497e+37 9.707214895558676217e+05 1.641807450949748163e+05
-2.619648654319462366e+00 1.768912840706853384e+38 1.558591910225041516e+37 9.707841424051038921e+05 1.641977091256401618e+05
-2.451915332305361517e+00 1.816214035708854658e+38 1.602169960716624209e+37 9.708669032390413340e+05 1.642202637945152237e+05
-2.262730991045827977e+00 1.870528224979774203e+38 1.663066499447151995e+37 9.709601354288173607e+05 1.642456273234100081e+05
-2.135553794185398147e+00 1.907413903173193661e+38 1.708011693452440224e+37 9.710389932300071232e+05 1.642676354621228238e+05
-1.967503681371454149e+00 1.954190144413306822e+38 1.764572177329773805e+37 9.711389655999139650e+05 1.642956724733915762e+05
-1.821687117844703607e+00 1.993141995837995042e+38 1.807462959811830267e+37 9.712285280196187086e+05 1.643212041631505999e+05
-1.687353651388548315e+00 2.027072159943076007e+38 1.846174416614978992e+37 9.713131356934116920e+05 1.643456447338323924e+05
-1.547255761892301962e+00 2.060878673439242942e+38 1.889349668534465565e+37 9.714002350000859005e+05 1.643710747017609829e+05
-1.411206060365657322e+00 2.092699930056525580e+38 1.935059089220796765e+37 9.714949275241388241e+05 1.643992431360185146e+05
-1.264263296427088790e+00 2.123087146065688209e+38 1.973878780875919761e+37 9.715859332733829506e+05 1.644264758685789129e+05
-1.134030436980538070e+00 2.147589637505038617e+38 2.009630076684897347e+37 9.716812070359399077e+05 1.644557975762503338e+05
-9.958558883809018880e-01 2.171075747767805850e+38 2.045475481040033371e+37 9.717840736407930963e+05 1.644879587653249037e+05
-8.357516220421530306e-01 2.193711222442458608e+38 2.075756503479811887e+37 9.718926902523357421e+05 1.645224946025038953e+05
-6.881454347167164087e-01 2.212050021792547686e+38 2.103523095850906214e+37 9.720022303175344132e+05 1.645579754622779437e+05
-5.100356924667721614e-01 2.228410299230546773e+38 2.125085536269734060e+37 9.721321637664764421e+05 1.646006831251772528e+05
-3.338186870969366282e-01 2.240169310054520022e+38 2.146617980262916880e+37 9.722639210371308727e+05 1.646450732525140338e+05
-1.764733402378624305e-01 2.246946862042008020e+38 2.158392819023233549e+37 9.723888097783722915e+05 1.646884263501654204e+05
0.000000000000000000e+00 2.249568382993334021e+38 2.163064593780584949e+37 9.725001498109331587e+05 1.647278839676294883e+05
1.285486339038470760e-01 2.247994130302035879e+38 2.160599246258930326e+37 9.726002598303662380e+05 1.647642173608964076e+05
2.577459989406634122e-01 2.243980413187228879e+38 2.151839710912150896e+37 9.726956996199281421e+05 1.648003729852154793e+05
4.430525939533254132e-01 2.234217933376652587e+38 2.135661416217271862e+37 9.728302497457818827e+05 1.648506572783047741e+05
6.277757217612816021e-01 2.219347538163095666e+38 2.107385978615010628e+37 9.729610816076461924e+05 1.649024500381696853e+05
8.278948389197466895e-01 2.197931688742550066e+38 2.067325517960906212e+37 9.730893614035296487e+05 1.649552174282249471e+05
9.923154024290852249e-01 2.177020061486653104e+38 2.031138984796698903e+37 9.731911878872436937e+05 1.649985349384178116e+05
1.125161814838065766e+00 2.157376963309342708e+38 1.994840394778680801e+37 9.732841257808373775e+05 1.650394380547322216e+05
1.276066899255965836e+00 2.132807065436734517e+38 1.951447427387574639e+37 9.733831951451883651e+05 1.650840769197611080e+05
1.436815506298444234e+00 2.103980397077774534e+38 1.898683595355634635e+37 9.734757534369890345e+05 1.651277509054179827e+05
1.627590511547168717e+00 2.067149861224549190e+38 1.826595950133797606e+37 9.735729380383579992e+05 1.651752450691886770e+05
1.826841834263177589e+00 2.026252833313017867e+38 1.756810850921248527e+37 9.736485776038252516e+05 1.652142474097213999e+05
1.897499940649140626e+00 2.010097513040760811e+38 1.725122935689009807e+37 9.737141511121320073e+05 1.652473441636780626e+05
2.066408635495463386e+00 1.972484020206871699e+38 1.658470703863671713e+37 9.737921833340014564e+05 1.652886234524802712e+05
2.287562203491688706e+00 1.922253154708976357e+38 1.564443530216727071e+37 9.738740378682441078e+05 1.653363412523435836e+05
2.509677218200522475e+00 1.868557341781724619e+38 1.479342036654899822e+37 9.739504199194167741e+05 1.653818404160848295e+05
2.731947720327298157e+00 1.814036347280791029e+38 1.391947189407909487e+37 9.740043073956639273e+05 1.654192007669691520e+05
2.958028972687316127e+00 1.758453298710329115e+38 1.289958907203394312e+37 9.740440525924909161e+05 1.654505513032299059e+05
3.191004782638628967e+00 1.701841853842297163e+38 1.204704178813414585e+37 9.740608738535197917e+05 1.654731882973769971e+05
3.433901179756503552e+00 1.644181134721505679e+38 1.119155172663490102e+37 9.740589149827193469e+05 1.654871137271640473e+05
3.689964834891725332e+00 1.584766230368802845e+38 1.011626260169406845e+37 9.740326778506386327e+05 1.654900476194048824e+05
3.950750212607090361e+00 1.527551657347686212e+38 9.168893406119167520e+36 9.739829290862859925e+05 1.654811811238639057e+05
4.225422714895103127e+00 1.469146998479374971e+38 8.300113124318322907e+36 9.739047395783675602e+05 1.654586953807635291e+05
4.525954650220228359e+00 1.410256985592013590e+38 7.519050105387664464e+36 9.737848013317384757e+05 1.654178063066335453e+05
4.835198239699820988e+00 1.352971968637229090e+38 6.831827667873926169e+36 9.736254706147278193e+05 1.653598294027158117e+05
5.145796170865651220e+00 1.300508038193153926e+38 6.284577596129283489e+36 9.734430123381277081e+05 1.652905361397159286e+05
5.454544610474840738e+00 1.252241703522337190e+38 5.662994002415874981e+36 9.732407536489586346e+05 1.652122887723486929e+05
5.768259014381328598e+00 1.207997306369126956e+38 5.315548740563423034e+36 9.730197108741133707e+05 1.651259543136824796e+05
6.087421405667555518e+00 1.167248055674557018e+38 5.076722979962901756e+36 9.727870648716582218e+05 1.650345099377220031e+05
6.377568159063230269e+00 1.134799961083823845e+38 4.844069825182644756e+36 9.725715394250149839e+05 1.649497324078906968e+05
6.634180902750813402e+00 1.108148875344007516e+38 4.665475665182294209e+36 9.723880824577739695e+05 1.648765906613905099e+05
6.860761963660479523e+00 1.086832228569085065e+38 4.527977645115605815e+36 9.722310207125972956e+05 1.648134854621031263e+05
7.062174519087420776e+00 1.069461346475681514e+38 4.450545440524271349e+36 9.720994829728858313e+05 1.647596465174467885e+05
7.240399022732162848e+00 1.055020263705160254e+38 4.411622273520618980e+36 9.719908004972056951e+05 1.647141898769348918e+05
7.398893015270004980e+00 1.043246755457354266e+38 4.326376859075092032e+36 9.718992977048624307e+05 1.646752999629209808e+05
7.539354757362161763e+00 1.033372223161299029e+38 4.292007511031943406e+36 9.718188394873035140e+05 1.646412703761213925e+05
7.726355274789966643e+00 1.020283231993277575e+38 4.229608887229584974e+36 9.717202428235861007e+05 1.645995791181036329e+05
7.933455401973333210e+00 1.007348795579340009e+38 4.153356799239280308e+36 9.716133101723077707e+05 1.645545540024835500e+05
8.094523754145484418e+00 9.979975426139759904e+37 4.120617658401132456e+36 9.715311381502230652e+05 1.645201709646113159e+05
8.224778076895745471e+00 9.906257547803116738e+37 4.143586004479850740e+36 9.714546579534102930e+05 1.644887504942721280e+05
8.358172886582906358e+00 9.836617371374166473e+37 4.154721685875578895e+36 9.713716063946257345e+05 1.644551914748665877e+05
8.500636673881672323e+00 9.768124551941762679e+37 4.160210281841575892e+36 9.712930852769254707e+05 1.644240728606032208e+05
8.682926895737182349e+00 9.685845585514870632e+37 4.178790928534890332e+36 9.711921892790765269e+05 1.643848558062354277e+05
8.852362705991254188e+00 9.614978769703793870e+37 4.190742524109197673e+36 9.710981678805822739e+05 1.643491381309120334e+05
9.002322912740055472e+00 9.553182718169324759e+37 4.248032321205649561e+36 9.710149756756515708e+05 1.643181755610649707e+05
9.135581296606687829e+00 9.503403135389012159e+37 4.281630285743026672e+36 9.709414007944150362e+05 1.642912829353514244e+05
9.316179343732073903e+00 9.439711035623072975e+37 4.299686658519154066e+36 9.708495376080051064e+05 1.642583756163815560e+05
9.512912932623294182e+00 9.372696806099228185e+37 4.314152740287834985e+36 9.707475161539854016e+05 1.642227568238121457e+05
9.666804635548032820e+00 9.323919619059012683e+37 4.317485026878892580e+36 9.706676366678646300e+05 1.641954590811168309e+05
9.796396264369832352e+00 9.284224261294606079e+37 4.328020468246678989e+36 9.705899484530918999e+05 1.641694229491381557e+05
9.941442549898056313e+00 9.239172478606517423e+37 4.321352375447487317e+36 9.705064393102470785e+05 1.641420775797686656e+05
1.009236565216269810e+01 9.194954244496987220e+37 4.315091096178735030e+36 9.704282463542970363e+05 1.641170587243827176e+05
1.022989451790635940e+01 9.155111966795617836e+37 4.326638925121209310e+36 9.703581644966650056e+05 1.640951367516876198e+05
1.035563466923485976e+01 9.121008862389316662e+37 4.346157076534699756e+36 9.703126334121101536e+05 1.640799609273221868e+05
1.053332648439391050e+01 9.073256231445418691e+37 4.410006784180004015e+36 9.702446429505971028e+05 1.640588439988095488e+05
1.073641845191013999e+01 9.020956580581493346e+37 4.472212292127624757e+36 9.701512442399846623e+05 1.640317770489797404e+05
1.090937285951804370e+01 8.978319735721642298e+37 4.501930165639894681e+36 9.700749115473284619e+05 1.640103128044385812e+05
1.105858531311969273e+01 8.940251724750999273e+37 4.478266128379015586e+36 9.700129555279463530e+05 1.639933141172585892e+05
1.118951539113186300e+01 8.908092779189734382e+37 4.469269072293691853e+36 9.699523262815914350e+05 1.639770545657271286e+05
1.136218322931381408e+01 8.863765084340998997e+37 4.425949083320080875e+36 9.698957462501749396e+05 1.639622156496988318e+05
1.152060095404158346e+01 8.826134462069756318e+37 4.418853620354353260e+36 9.698536454200684093e+05 1.639513810541318089e+05
1.168520588378305547e+01 8.785365682889552262e+37 4.458824161681109323e+36 9.698263022003551014e+05 1.639444348037480086e+05
1.181704571140289772e+01 8.754424245092482508e+37 4.492370655833332796e+36 9.698085786913862685e+05 1.639399637400182837e+05
1.199975905692554079e+01 8.712293156407954573e+37 4.560310735445302500e+36 9.697967186247000936e+05 1.639369872833945847e+05
1.207121100802032743e+01 8.695891286611297184e+37 4.580187312315998156e+36 9.697900460314926459e+05 1.639353167452559574e+05
1.226452071298263036e+01 8.652983506905696975e+37 4.651869902316326199e+36 9.697823425875058165e+05 1.639333843929938448e+05
1.249403681149124168e+01 8.603923674423015439e+37 4.703775706946874220e+36 9.697754886636500014e+05 1.639316630936450383e+05
1.275363744581409264e+01 8.543738560426455274e+37 4.762833883583935996e+36 9.697689278794522397e+05 1.639300118464178813e+05
1.305426261482352857e+01 8.473684884201224183e+37 4.845636206887541612e+36 9.697624569104028633e+05 1.639283714215681830e+05
1.341408041615795810e+01 8.390541390220965843e+37 4.991186234641283261e+36 9.697573844544072635e+05 1.639270619248510338e+05
1.386298074168735184e+01 8.286744993263854633e+37 5.112380229796743637e+36 9.697586934906720417e+05 1.639272923715466168e+05
1.433366679844039027e+01 8.176755485539950676e+37 5.194526849235889948e+36 9.697535670215808786e+05 1.639259766832609603e+05
1.474654905452916864e+01 8.075775084160581132e+37 5.297707594177558199e+36 9.697461929661562899e+05 1.639241383176948584e+05
1.511198953178245574e+01 7.981455209218912749e+37 5.372585422247171107e+36 9.697404522518875310e+05 1.639227145120427303e+05
1.543544886207382660e+01 7.894094707126999440e+37 5.382240948235129633e+36 9.697358106944033643e+05 1.639215740331973357e+05
1.572228977674967609e+01 7.810583771305252308e+37 5.388133355826334652e+36 9.697320303783919662e+05 1.639206599137282465e+05
1.597749637240485754e+01 7.736155552495039629e+37 5.377613486523833018e+36 9.697293485006479314e+05 1.639200232466147572e+05
1.620520827149448451e+01 7.665860842650191018e+37 5.352634175562917406e+36 9.697282352124949684e+05 1.639197807125179388e+05
1.640893365221563727e+01 7.602446135231589486e+37 5.327294511694346406e+36 9.697278610693487572e+05 1.639197279256284528e+05
1.659167136310134083e+01 7.541252820828707683e+37 5.295996221858802577e+36 9.697276716732324567e+05 1.639197392529672070e+05
1.675563182616315316e+01 7.484524708050283231e+37 5.307902251503687563e+36 9.697290586810511304e+05 1.639201540018697269e+05
1.690289380216563586e+01 7.434096713709278991e+37 5.289818354088760020e+36 9.697303875071613584e+05 1.639205418729619705e+05
1.703494032213347964e+01 7.388527172616404772e+37 5.273218545366536652e+36 9.697316572923248168e+05 1.639209126810876478e+05
1.721570512762991711e+01 7.323394781983061426e+37 5.244264837288690110e+36 9.697335497027983656e+05 1.639214747962950496e+05
1.741661919004400261e+01 7.248657307877909487e+37 5.200023492321728735e+36 9.697345219268192304e+05 1.639218209204214218e+05
1.758377901889616624e+01 7.185162164434199778e+37 5.181607610284871750e+36 9.697358971651674947e+05 1.639222703332144010e+05
1.777315862855175510e+01 7.112939792474826837e+37 5.142732072055768558e+36 9.697373666424006224e+05 1.639227591689754627e+05
1.795107132510747761e+01 7.045801108614625812e+37 5.094041681852698905e+36 9.697394278452420840e+05 1.639234113780478947e+05
1.813399897137423977e+01 6.974665710408463893e+37 5.049844435407956271e+36 9.697407477014954202e+05 1.639238898767197097e+05
1.832810791041993070e+01 6.897599821826177473e+37 5.014321975806505696e+36 9.697437944302138640e+05 1.639248239646279544e+05
1.849972899888234679e+01 6.827647403594593529e+37 4.972450943747783803e+36 9.697475252547231503e+05 1.639259402862359711e+05
1.871475811688287649e+01 6.741762460407569861e+37 4.904623031277718646e+36 9.697523832656522281e+05 1.639274023626807320e+05
1.889367720771406312e+01 6.670007386895464008e+37 4.831811285994794665e+36 9.697579270358340582e+05 1.639290482882344513e+05
1.909682750661158934e+01 6.588330930547295949e+37 4.756668892598784576e+36 9.697646140500019537e+05 1.639310335161727271e+05
1.928976081480504945e+01 6.511433081908333796e+37 4.666824866667157345e+36 9.697728250230741687e+05 1.639334539628945058e+05
1.947721076251764316e+01 6.437504915329239864e+37 4.568251133390566551e+36 9.697814961119993823e+05 1.639360209378740983e+05
1.969064639303542208e+01 6.351615389722267855e+37 4.491223451368512533e+36 9.697921794078120729e+05 1.639392096284700383e+05
1.987462006093119271e+01 6.274872019067031070e+37 4.434483217430336171e+36 9.698040778776191873e+05 1.639427427345139149e+05
2.009653175111452583e+01 6.189180462530462242e+37 4.332424688890495936e+36 9.698193030087666120e+05 1.639472788268177828e+05
2.029386155091924593e+01 6.109746397741490237e+37 4.245595875012522423e+36 9.698356504489158979e+05 1.639521610441451776e+05
2.050518724702124018e+01 6.027916292285701188e+37 4.144744680162914044e+36 9.698546965748481452e+05 1.639578832369714510e+05
2.072444499479024671e+01 5.947040783734725625e+37 4.018023978531878335e+36 9.698759803302662913e+05 1.639643440511143126e+05
2.091796373319812119e+01 5.874133530213384075e+37 3.970257303276746945e+36 9.698949880452366779e+05 1.639701645993001002e+05
2.098223169757693540e+01 5.847906092187227633e+37 3.945839991122500637e+36 9.699000733670621412e+05 1.639717786290673539e+05
2.116217006479564589e+01 5.776864666750264387e+37 3.876067551584637719e+36 9.699268903479935834e+05 1.639799890915026481e+05
2.136828836653148755e+01 5.701278624557018693e+37 3.778548387748729878e+36 9.699553261211974313e+05 1.639888233509153652e+05
2.153674833626428153e+01 5.640855123043745109e+37 3.690112102867521328e+36 9.699805595096057514e+05 1.639967333834530436e+05
2.172059136565076187e+01 5.571964426560237163e+37 3.641966206987283529e+36 9.700057989145312458e+05 1.640047734974393970e+05
2.193401316086237784e+01 5.496239739931310571e+37 3.551098567457237210e+36 9.700408209897399647e+05 1.640160154259896954e+05
2.210156789164466318e+01 5.439001755452891503e+37 3.496666907161421691e+36 9.700702088742384221e+05 1.640255568954949558e+05
2.222882449046301190e+01 5.394438901704092932e+37 3.422584569051408556e+36 9.700895212292807410e+05 1.640319441389063722e+05
2.240722123680461664e+01 5.332433466918261399e+37 3.370409288823373567e+36 9.701200481952088885e+05 1.640420737697181758e+05
2.261931266008468810e+01 5.263712774862364423e+37 3.318941575296582332e+36 9.701565736948259873e+05 1.640543463374396961e+05
2.281325596656824928e+01 5.198574319605557430e+37 3.218010661886483027e+36 9.701953053070610622e+05 1.640674810240613297e+05
2.299900044160312973e+01 5.138186485900880352e+37 3.159572660108597997e+36 9.702328052644880954e+05 1.640803342902420845e+05
2.322103522976976819e+01 5.068174337942277879e+37 3.096270576591774939e+36 9.702767499159319559e+05 1.640956295948874031e+05
2.341926940584380645e+01 5.004831054095185941e+37 3.051172169005336675e+36 9.703220477474270156e+05 1.641115028374306567e+05
2.355176089607994072e+01 4.965012442792959330e+37 3.001727867909044966e+36 9.703513058875298593e+05 1.641219032150840212e+05
2.373550250219705049e+01 4.911530831082562889e+37 2.944931113484665927e+36 9.703828337837639265e+05 1.641333262993305107e+05
2.396285734888806473e+01 4.847184265034892200e+37 2.879870790887619253e+36 9.704159410025756806e+05 1.641454769738455652e+05
2.404104942362755537e+01 4.823439870788379151e+37 2.849809146040102107e+36 9.704235749551581684e+05 1.641483646048513474e+05
2.418589577222883236e+01 4.777802492380111876e+37 2.823598417908363799e+36 9.704398092697465327e+05 1.641545041954740300e+05
2.431769025872927159e+01 4.737871699652201628e+37 2.768547310212388327e+36 9.704534605099154869e+05 1.641597526351574925e+05
2.450207098256214522e+01 4.686865783513242776e+37 2.741843332029772640e+36 9.704674690429241164e+05 1.641652734242785664e+05
2.474251986976014450e+01 4.623086963765891172e+37 2.694554130824947676e+36 9.704836181663647294e+05 1.641716876996729407e+05
2.484009673466789536e+01 4.595284198236869847e+37 2.647068838588479365e+36 9.704881876399674220e+05 1.641736322133262292e+05
2.498460158582020085e+01 4.558423138778238162e+37 2.649337295570654618e+36 9.704948505822023144e+05 1.641764023996981850e+05
2.511723064823308960e+01 4.520973457483168853e+37 2.589971252135349562e+36 9.705018722901358269e+05 1.641793914470264281e+05
2.530403362374636345e+01 4.473635257567068211e+37 2.553582470987486998e+36 9.705238988200878957e+05 1.641880248364975560e+05
2.550232967501506209e+01 4.421740362571901145e+37 2.512348058080607385e+36 9.705550444763251580e+05 1.642001327841975144e+05
2.566503604275931139e+01 4.380827857024046068e+37 2.481550055107296174e+36 9.705807942051440477e+05 1.642102093375585391e+05
2.581305508536752313e+01 4.344409497029258759e+37 2.454501041085842559e+36 9.706014260656024562e+05 1.642183827902396151e+05
2.594922142289578915e+01 4.310763288871416514e+37 2.430956366168343947e+36 9.706200349112419644e+05 1.642258059882585658e+05
2.607790387068234850e+01 4.279574580467298320e+37 2.413556171373135025e+36 9.706369885069695301e+05 1.642326201382215368e+05
2.620606677384057548e+01 4.249774584361806274e+37 2.387993388121360138e+36 9.706528210895293159e+05 1.642390353714593803e+05
2.635954973795742262e+01 4.214678309558589433e+37 2.356825328791787859e+36 9.706691536113531329e+05 1.642457394091499737e+05
2.652698415938357357e+01 4.176928143989326730e+37 2.332657272633089460e+36 9.706821040742256446e+05 1.642511897492821445e+05
2.667981825878086966e+01 4.141593312466123253e+37 2.294575128902147967e+36 9.706903884506933391e+05 1.642548599220498581e+05
2.682084469443361741e+01 4.109806981229268631e+37 2.273386628523445747e+36 9.706978663763696095e+05 1.642581964846788906e+05
2.695472462897305377e+01 4.080729795187391960e+37 2.260129004729834231e+36 9.707049239556967514e+05 1.642613535325927369e+05
2.708898722226149403e+01 4.050740131482380946e+37 2.237263440398709070e+36 9.707122853555051843e+05 1.642646142371269525e+05
2.725258419997408055e+01 4.015485883285914944e+37 2.203092592021911701e+36 9.707240139705573674e+05 1.642696398434080184e+05
2.742684215291228611e+01 3.978871500569002575e+37 2.176585424429593160e+36 9.707455743616049876e+05 1.642785677227938431e+05
2.758611992554506287e+01 3.945671097637862370e+37 2.150106007109793172e+36 9.707616129198101116e+05 1.642853407708094746e+05
2.773313322526519187e+01 3.915131142065987692e+37 2.130593026147549277e+36 9.707795714183551027e+05 1.642928959314968670e+05
2.787272102489077952e+01 3.886502914628513253e+37 2.115130837865637664e+36 9.708017243026380893e+05 1.643021758322544920e+05
2.801251819454773795e+01 3.857665377018076236e+37 2.102218776910029749e+36 9.708274985165840480e+05 1.643129914920477313e+05
2.817848264501662925e+01 3.823611524907635373e+37 2.086020370749461901e+36 9.708553923560290132e+05 1.643248316100923112e+05
2.836003424138471019e+01 3.787947452279577595e+37 2.064055682176627824e+36 9.708770839485994074e+05 1.643343558986465505e+05
2.852710753203427885e+01 3.755226781545663484e+37 2.044441351584386919e+36 9.708911386891893344e+05 1.643406875394686067e+05
2.868191420126822777e+01 3.725818336659197666e+37 2.025460345402456343e+36 9.709036417549782200e+05 1.643463329750774719e+05
2.882799102696299087e+01 3.698427818539921035e+37 2.010372257582157136e+36 9.709146971070178552e+05 1.643513460929463618e+05
2.897249023703625426e+01 3.671217655705909283e+37 1.996085394497847151e+36 9.709249148663466331e+05 1.643559886788786098e+05
2.913487954804440960e+01 3.640236703039368045e+37 1.983036115837522721e+36 9.709350265340975020e+05 1.643606460988860927e+05
2.932919365863199346e+01 3.604483285661647679e+37 1.967443980662130110e+36 9.709443845765412552e+05 1.643650820570454234e+05
2.950602326888474636e+01 3.572512329443714665e+37 1.950925263509038916e+36 9.709498569854301168e+05 1.643678297907440574e+05
2.966897680021065753e+01 3.543278624258048659e+37 1.935484422666229127e+36 9.709562630238921847e+05 1.643709319666952069e+05
2.982207534711051267e+01 3.516549828474396978e+37 1.924692664656995335e+36 9.709649436053277459e+05 1.643749727793935162e+05
2.997155684157041833e+01 3.490326687843865346e+37 1.914232981504894937e+36 9.709781750753745437e+05 1.643809533233002876e+05
3.013078873680206016e+01 3.462044917853998899e+37 1.902376199321441610e+36 9.709932820233162493e+05 1.643878347897549393e+05
3.033747569192200899e+01 3.425665518698844777e+37 1.889599443007257923e+36 9.710136865936813410e+05 1.643972144594937854e+05
3.050524396478431299e+01 3.397306903408043823e+37 1.881785205425274779e+36 9.710258971366123296e+05 1.644029998284712201e+05
3.067953752633184195e+01 3.367500793165295619e+37 1.873518684246800099e+36 9.710380551949799992e+05 1.644088624824072467e+05
3.084137439042387996e+01 3.337919095243625798e+37 1.866741269411758563e+36 9.710356729592034826e+05 1.644083768914692337e+05
3.099645499080361333e+01 3.308601150334267228e+37 1.868275772524786261e+36 9.709923023054690566e+05 1.643901453838416201e+05
3.115404210203269031e+01 3.281506951871153212e+37 1.870766312069000006e+36 9.709579599990408169e+05 1.643759106189591694e+05
3.134427450977091212e+01 3.251476825819446597e+37 1.860762009952253180e+36 9.709263274389668368e+05 1.643630318164529453e+05
3.154684162007470150e+01 3.214280378732600835e+37 1.767121243703075777e+36 9.708991214100385550e+05 1.643521011254043842e+05
3.173164174612611532e+01 3.183675656372730683e+37 1.731897464433101488e+36 9.708782441569434013e+05 1.643438794711040682e+05
3.190233937927405350e+01 3.157059989740633518e+37 1.718071522305199457e+36 9.708580633500878466e+05 1.643359565667512361e+05
3.206429542685509659e+01 3.132841431436865893e+37 1.716823826915856815e+36 9.708395882264700485e+05 1.643288405194672814e+05
3.222403183764254209e+01 3.108798611784773773e+37 1.721784583335631567e+36 9.708226845706650056e+05 1.643222296484877588e+05
3.239755253987095784e+01 3.083024103553098655e+37 1.728426603520342201e+36 9.708048424316557357e+05 1.643153167686679808e+05
3.261695038086327258e+01 3.050263341039045791e+37 1.734640105363635203e+36 9.707830810653157532e+05 1.643069766969470948e+05
3.279196903854608536e+01 3.024517919637671978e+37 1.742566267921785523e+36 9.707652403832899872e+05 1.643001665649542119e+05
3.297599133693438489e+01 2.997313212872667436e+37 1.741097363030027568e+36 9.707345332668527262e+05 1.642882053238636581e+05
3.314749081122863572e+01 2.972241217270043276e+37 1.741993144755861902e+36 9.707049422393867280e+05 1.642767724662063119e+05
3.331194873219646979e+01 2.949200596343563586e+37 1.745556801010879762e+36 9.706772599756871350e+05 1.642661686052767618e+05
3.347874452493852004e+01 2.924983075965242958e+37 1.745645248033728281e+36 9.706507953529517399e+05 1.642560947515480220e+05
3.367346461521810852e+01 2.897078222243175655e+37 1.753548736095054118e+36 9.706232259716087719e+05 1.642456610515108332e+05
3.389177623092837166e+01 2.865407438991699477e+37 1.763863732436170343e+36 9.705984324264787138e+05 1.642365035581266275e+05
3.408785708081268240e+01 2.837383605481876949e+37 1.770454559581125190e+36 9.705794549227748066e+05 1.642295587003590772e+05
3.427166748502349947e+01 2.811487902702892705e+37 1.778826104752480683e+36 9.705602393520836486e+05 1.642224806844849372e+05
3.444400720136763994e+01 2.787422355096909766e+37 1.782706718143622372e+36 9.705335550451462623e+05 1.642123928344664455e+05
3.461262424205779098e+01 2.764315358462400480e+37 1.787306349661016361e+36 9.705011289315564791e+05 1.642000096880685596e+05
3.479007727240968961e+01 2.739721927581645044e+37 1.790359171580468706e+36 9.704487624515324133e+05 1.641801153262419393e+05
3.502092479335260577e+01 2.707642853879368997e+37 1.794972903708430402e+36 9.703769281077443156e+05 1.641532450883744459e+05
3.523890185650088824e+01 2.676928806907985477e+37 1.791725044284915772e+36 9.703293017742136726e+05 1.641357922140355804e+05
3.543741645282716490e+01 2.649761905316488060e+37 1.785055730726022128e+36 9.702858986248517176e+05 1.641200737176965631e+05
3.562196491773647722e+01 2.625083293376707374e+37 1.779604819075460227e+36 9.702465747642341303e+05 1.641059675993280252e+05
3.579784227861091495e+01 2.602040443843467913e+37 1.778035391093654232e+36 9.702106272550647845e+05 1.640931837297741731e+05
3.597291172698896844e+01 2.578979863058150613e+37 1.774941727123311317e+36 9.701774545564696891e+05 1.640814750869262207e+05
3.616476863613934256e+01 2.553415758318796432e+37 1.773317128525939267e+36 9.701451663082852028e+05 1.640701906561019423e+05
3.641070147868595086e+01 2.520063752006056186e+37 1.772635095131688005e+36 9.701129845565629657e+05 1.640590426983085927e+05
3.663238499738508835e+01 2.490943303808753821e+37 1.779969202160376506e+36 9.700914456099979579e+05 1.640516272003258055e+05
3.683568120068230201e+01 2.464501163157403508e+37 1.781706665001378501e+36 9.700709934085370041e+05 1.640446124185403460e+05
3.702442828350467607e+01 2.440277012249914204e+37 1.781480502873971329e+36 9.700488790392170195e+05 1.640370725652959663e+05
3.720579705611453392e+01 2.418085791068547377e+37 1.786145482263927920e+36 9.700079131907572737e+05 1.640232395561030135e+05
3.738849457602191251e+01 2.396092312397476686e+37 1.788124166054591992e+36 9.699560989488320192e+05 1.640059846590860107e+05
3.759427555218280759e+01 2.371364539190989927e+37 1.790231647892640043e+36 9.698811251533834729e+05 1.639814643545644649e+05
3.785021665491512977e+01 2.340016440324915751e+37 1.791212967155698118e+36 9.697993371887573740e+05 1.639553464584301400e+05
3.808139552567445207e+01 2.311835353164322528e+37 1.797343341795117893e+36 9.697408675084335264e+05 1.639370819142678811e+05
3.829325720205088146e+01 2.285901750890093310e+37 1.794264665157094400e+36 9.696880599951563636e+05 1.639208836263256380e+05
3.849061183603771497e+01 2.262056597048191846e+37 1.785575376760043935e+36 9.696407713401621440e+05 1.639066332559152215e+05
3.867989286636293400e+01 2.239978523932224211e+37 1.782960459966900261e+36 9.695979881359314313e+05 1.638939431550314184e+05
3.887032072368310764e+01 2.217878465695757115e+37 1.782077717206885144e+36 9.695588939582154853e+05 1.638825102765397751e+05
3.908403561259910930e+01 2.192764905056418238e+37 1.782292095433385209e+36 9.695215453003452858e+05 1.638717275040429377e+05
3.935938598190841731e+01 2.160648227295114677e+37 1.788351004993574333e+36 9.694869796258078422e+05 1.638618658376729290e+05
3.960741344523557927e+01 2.132129541108291665e+37 1.792286356896188681e+36 9.694641083443971584e+05 1.638553982569953077e+05
3.983431566848594230e+01 2.106359797298245577e+37 1.798796310149765920e+36 9.694438637198708020e+05 1.638497113125559699e+05
4.004436446324689314e+01 2.082425144708969130e+37 1.797151962231018030e+36 9.694252274380450835e+05 1.638445122622771887e+05
4.024471834853466135e+01 2.060617270462944731e+37 1.791799636130773783e+36 9.694060619291128824e+05 1.638392025556422595e+05
4.044380673421255779e+01 2.039615443387245834e+37 1.789540086296973581e+36 9.693828263378026895e+05 1.638328187143088726e+05
4.065966339083388448e+01 2.017423973023397872e+37 1.793118982295945136e+36 9.693579736120841699e+05 1.638260495653633261e+05
4.096486165195528883e+01 1.985670217069520898e+37 1.791690670188821421e+36 9.693303356081313686e+05 1.638185846459928434e+05
4.123922237037913874e+01 1.957341815808972673e+37 1.787209702237756009e+36 9.693130307840891182e+05 1.638139337090678164e+05
4.148919774735986721e+01 1.931508892943173831e+37 1.782427196636871387e+36 9.692973242927334504e+05 1.638097342315371789e+05
4.171907553562778048e+01 1.907801255036601656e+37 1.781138173447315986e+36 9.692829992475056788e+05 1.638059240859258571e+05
4.193601993151241913e+01 1.886178589898164310e+37 1.780344612791238050e+36 9.692698329320454504e+05 1.638024366271285107e+05
4.214751383753900882e+01 1.865752529594570893e+37 1.781524557648694037e+36 9.692574580990732647e+05 1.637991727147421916e+05
4.236618447126238607e+01 1.844887516231016311e+37 1.783679340667466963e+36 9.692465500134942122e+05 1.637963047907859436e+05
4.263168476351711433e+01 1.819638089558608181e+37 1.790110666128460232e+36 9.692364076416039607e+05 1.637936398270945065e+05
4.295197262107103597e+01 1.789212938020591238e+37 1.793862353463068061e+36 9.692285534707517363e+05 1.637915670867842855e+05
4.324102172128914390e+01 1.762267834165852692e+37 1.789025806754572890e+36 9.692219204820429441e+05 1.637898179536900716e+05
4.350517716041940730e+01 1.737789340322073188e+37 1.786926509862178635e+36 9.692136952877038857e+05 1.637876645342543197e+05
4.375063869263976812e+01 1.715127253476170813e+37 1.786732335179471314e+36 9.692064630801092135e+05 1.637857723638257885e+05
4.398357405677961651e+01 1.693838971199604323e+37 1.785339501478519299e+36 9.692005073429109761e+05 1.637842119053678180e+05
4.421310610756336246e+01 1.673503054909049725e+37 1.785703748301960008e+36 9.691957527000098489e+05 1.637829612318087020e+05
4.445447696285555139e+01 1.651029293325093871e+37 1.792708161879212246e+36 9.692170190498628654e+05 1.637879620096809522e+05
4.476940236710652243e+01 1.621152469989214926e+37 1.806773942074364817e+36 9.692159535914058797e+05 1.637876010858113295e+05
4.512293021124787629e+01 1.591434966250317473e+37 1.804141954473385247e+36 9.692135191356210271e+05 1.637869183027548424e+05
4.544376868350082077e+01 1.565231321091522009e+37 1.791269386550762573e+36 9.692111623943371233e+05 1.637862667406311375e+05
4.573765549581730738e+01 1.541817615217575306e+37 1.784636784126596980e+36 9.692090641344293253e+05 1.637856868059548724e+05
4.600964482584095094e+01 1.520518300786859570e+37 1.781999569832063044e+36 9.692072253921213560e+05 1.637851767222184862e+05
4.626840806196560152e+01 1.500703001773348160e+37 1.782942309096258999e+36 9.692055480083231814e+05 1.637847098985145858e+05
4.652275256889697630e+01 1.481315890849810907e+37 1.787249427410181501e+36 9.692039198424499482e+05 1.637842555596871534e+05
4.678760745299223345e+01 1.461209345201489510e+37 1.792557992981721813e+36 9.692019148085622583e+05 1.637837036129275220e+05
4.711766902488307096e+01 1.436026988012569539e+37 1.794639391526478715e+36 9.691989541353383102e+05 1.637828986378698319e+05
4.753253333130851388e+01 1.403332061860507512e+37 1.785729377076275539e+36 9.691949230208980152e+05 1.637818135934764578e+05
4.790965221740771085e+01 1.371562628025547581e+37 1.768700543134299240e+36 9.691914155366705963e+05 1.637808644516663626e+05
4.825524946837686002e+01 1.345460278218715612e+37 1.760809961034010912e+36 9.691884859906921629e+05 1.637800699727026513e+05
4.857537767285248265e+01 1.322761158346404427e+37 1.755147795880497575e+36 9.691857776385319885e+05 1.637793350589848706e+05
4.887644639531208668e+01 1.302554263094585870e+37 1.752417039873210212e+36 9.691834419617336243e+05 1.637786971425533993e+05
4.916862749014399014e+01 1.283247755133091961e+37 1.751041414948477293e+36 9.691811629303967347e+05 1.637780767582311819e+05
4.946425686280417722e+01 1.262906129560118448e+37 1.752262559292234989e+36 9.692036967178951018e+05 1.637834133526714286e+05
4.979300096184306312e+01 1.239255963244992155e+37 1.756051321654856247e+36 9.692033392269166652e+05 1.637832503766113659e+05
5.031351633084705099e+01 1.204532174241117518e+37 1.747214896026927698e+36 9.692005443513995269e+05 1.637824567570441868e+05
5.078675819076306652e+01 1.173698739950998403e+37 1.736724412741269842e+36 9.691975001187036978e+05 1.637816141039259091e+05
5.122266312308784109e+01 1.146262652600177097e+37 1.727926229091641549e+36 9.691948464969327906e+05 1.637808766414293495e+05
5.162831407507474069e+01 1.121705718340877543e+37 1.723278552396775517e+36 9.691925634120700415e+05 1.637802363951433217e+05
5.200911176441877615e+01 1.099256989006319225e+37 1.719131723995206021e+36 9.691902182215609355e+05 1.637795858044963388e+05
5.237168030360771809e+01 1.078308734788393211e+37 1.712021782005675371e+36 9.691879238376460271e+05 1.637789502734367561e+05
5.272831851194496267e+01 1.057761703680713898e+37 1.702119205251484756e+36 9.691855232427236624e+05 1.637782881378822203e+05
5.309478578092239331e+01 1.036765762690571958e+37 1.691495563183289144e+36 9.691832810914071742e+05 1.637776638493250357e+05
5.352168944635195658e+01 1.012084002408534051e+37 1.673873780577278808e+36 9.691808971057687886e+05 1.637769939138792106e+05
5.418099706462817267e+01 9.740025825990127784e+36 1.650949637956909895e+36 9.691768336500581354e+05 1.637758693394775037e+05
5.476494757246109657e+01 9.418985926774128994e+36 1.643559087360156566e+36 9.691731578906931682e+05 1.637748543247012421e+05
5.535265973405330442e+01 9.107170221369179545e+36 1.636323467018316452e+36 9.691696864163130522e+05 1.637738876874262642e+05
5.590850020316429436e+01 8.824707506568744945e+36 1.620170901540875647e+36 9.691663688621601323e+05 1.637729647142140893e+05
5.644081364298472181e+01 8.549850866015573094e+36 1.605223331395260842e+36 9.691849985362908337e+05 1.637772899456956075e+05
5.695481941073376220e+01 8.297447097953364959e+36 1.581090471806748867e+36 9.691829246139400639e+05 1.637766719483384513e+05
5.746086721553001553e+01 8.064028369723993571e+36 1.552484833680027833e+36 9.691800850619716803e+05 1.637758727737933805e+05
5.797627237110282294e+01 7.833503147451917822e+36 1.523375538875771539e+36 9.691769754988122731e+05 1.637750076562428440e+05
5.854155495612940285e+01 7.588904563939833377e+36 1.492216032765880956e+36 9.691742813831897220e+05 1.637742336372950522e+05
5.940696856479917187e+01 7.207285941449977319e+36 1.464234280269960651e+36 9.691703408901358489e+05 1.637730945249061624e+05
6.007295093614084180e+01 6.931408027765603064e+36 1.423549875789014951e+36 9.691666294345147908e+05 1.637720530429184437e+05
6.104083836919744499e+01 6.546950856521466782e+36 1.360755563182293957e+36 9.691611303458871553e+05 1.637705128988430952e+05
6.210586418144521303e+01 6.150044785692459641e+36 1.288648269365043729e+36 9.691540926867048256e+05 1.637685732623503136e+05
6.317516627786972094e+01 5.778985887908167673e+36 1.223812751814395335e+36 9.691479592069478240e+05 1.637668542692027404e+05
6.426285828113032039e+01 5.429236955609272423e+36 1.151210057571497885e+36 9.691419596016417490e+05 1.637651627364992164e+05
6.538413571436831262e+01 5.095922387620744118e+36 1.067721821538162793e+36 9.691360545087779174e+05 1.637634842226507608e+05
6.654894120930111967e+01 4.776211343842337382e+36 9.744269296242412297e+35 9.691299300578002585e+05 1.637617424461728369e+05
6.777840944858326111e+01 4.504084703927851738e+36 8.911063582140879828e+35 9.666710333734314190e+05 1.681860128100974543e+05
6.910990083726937883e+01 4.198252047893366161e+36 8.012246794203068849e+35 9.666632889094622806e+05 1.681837594862953119e+05
7.068060379911912605e+01 3.876320352274124610e+36 7.005509183007822114e+35 9.666738468876394909e+05 1.681859798080985784e+05
7.362644139208714478e+01 3.434836796643294960e+36 5.816239149021297205e+35 1.008773666515512741e+06 7.299840424931918506e+02
7.575589333956304472e+01 2.744107377823570142e+36 0.000000000000000000e+00 1.008172088855460053e+06 0.000000000000000000e+00
