# kepler_a005_mean.txt
# 
# Mean burst simulation for model a005
# See the reference paper Lampe, Galloway & Heger (in prep.)
# for further information on model preartion and analysis
# Errors reported are 1 sigma std-dev of stacked models
# Models created by Alexander Heger <heger@monash.edu>
# Analysis done by Nathanael Lampe <lampe@clermont.in2p3.fr>
# Accretion Rate (x10^-9 M_sun yr^-1): 1.750000
# Accretion luminosity (l/L_Edd): 0.100000
# H fraction: 70.480000
# Z fraction: 2.000000
# time (s), luminosity (1e37 ergs/s), u(luminosity), radius (km), u(radius)
-2.010879795584696694e+01 4.729762715588474609e+35 1.024981846255231809e+34 1.008204430350568728e+06 5.596797286138738770e+01
-1.940653708330137306e+01 4.785889460950303138e+35 1.030982150610468058e+34 1.008207733871278819e+06 5.391002779953021928e+01
-1.860561270923790289e+01 4.854899221900849781e+35 9.559344854655771651e+33 1.008208659532808117e+06 5.361587342658827282e+01
-1.770510564181313384e+01 4.939511908437909555e+35 8.560494736086550054e+33 1.008209889753958676e+06 5.325235652311796031e+01
-1.670523149846485467e+01 5.041523971309393907e+35 8.026834573929651262e+33 1.008211473226996255e+06 5.286202315546158559e+01
-1.561137507844250649e+01 5.165201927577295023e+35 8.033087421441510853e+33 1.008213537686558324e+06 5.251718223713264422e+01
-1.443312310288092704e+01 5.312553151281565860e+35 8.113053462316289817e+33 1.008216120588464546e+06 5.223915444435505151e+01
-1.318802862015218125e+01 5.499771436443855954e+35 8.624613821989240119e+33 1.008219777553912252e+06 5.182823395390982313e+01
-1.191445914261566941e+01 5.739385157850770896e+35 8.544378147995327502e+33 1.008224964191296371e+06 5.178316640875941346e+01
-1.180448467573296512e+01 5.763018352075209306e+35 8.579283082220350664e+33 1.008225502160715754e+06 5.178094221111124540e+01
-1.158563548663369147e+01 5.811549742056300946e+35 8.682715762914384752e+33 1.008226629226887948e+06 5.174480159965993664e+01
-1.115012560032482725e+01 5.921231433677758657e+35 9.143990882798770469e+33 1.008229304920906085e+06 5.169543682553754849e+01
-1.031229545667520142e+01 6.177664691467034988e+35 9.668967770977506191e+33 1.008236065548916813e+06 5.164745567338305676e+01
-9.742907784908311442e+00 6.396324342816049044e+35 1.033036334138253464e+34 1.008242407713800319e+06 5.167664890937678024e+01
-9.304373822924389970e+00 6.602626823224177973e+35 1.124857691311997163e+34 1.008248862975834403e+06 5.176737362762469985e+01
-8.956986496705212630e+00 6.803165451842225057e+35 1.264068233106051431e+34 1.008255488333634567e+06 5.190370608014112008e+01
-8.649500028470356483e+00 7.019090918461997913e+35 1.416427755983573647e+34 1.008262970588180819e+06 5.209603499833943374e+01
-8.494384886162151815e+00 7.145796669448761105e+35 1.520760633465795823e+34 1.008267672203904833e+06 5.234345763710255994e+01
-8.400828399691818049e+00 7.229538993637687310e+35 1.600949141523959789e+34 1.008270921634243103e+06 5.247244742391919203e+01
-8.324363568681292236e+00 7.303215191145809881e+35 1.685236308427334344e+34 1.008273926953775459e+06 5.267317123303863724e+01
-8.203318650514120236e+00 7.428537836349111411e+35 1.830751157986403614e+34 1.008279668401487172e+06 5.329117073373033975e+01
-8.097594000446406426e+00 7.551321658904935538e+35 1.993090132296096482e+34 1.008286353389925091e+06 5.438191180733622332e+01
-8.017106394891015952e+00 7.654436872765212057e+35 2.169751594954907986e+34 1.008293907322539715e+06 5.658873788629060186e+01
-7.942033917828666745e+00 7.763438409407656701e+35 2.362481445501009182e+34 1.008303797080709366e+06 5.966380295762787256e+01
-7.882867079646530328e+00 8.057698223579887631e+35 6.984144390888132191e+34 1.008313287434194935e+06 6.240091691280244390e+01
-7.877487684319930850e+00 8.145879011848020187e+35 8.990028795509759556e+34 1.008314204756484600e+06 6.265915278727032955e+01
-7.866782687618979253e+00 8.337934885854176321e+35 1.312630900342859558e+35 1.008316078824061551e+06 6.314529867197074964e+01
-7.848997625605989015e+00 8.674818285686403198e+35 1.952548030995380881e+35 1.008319458118168171e+06 6.373691276246677262e+01
-7.834352838988706935e+00 9.045569976206319266e+35 2.570095039693348873e+35 1.008322266029017046e+06 6.427756729311791162e+01
-7.831206037695665145e+00 9.143158730816456523e+35 2.713419020522082697e+35 1.008322880873346585e+06 6.438519882259441829e+01
-7.828854319195670541e+00 9.222441399439080821e+35 2.825932318103369128e+35 1.008323343295890372e+06 6.446964774274904642e+01
-7.828830523591022938e+00 9.223112833934612911e+35 2.827144548388228082e+35 1.008323348264524015e+06 6.447014067049369146e+01
-7.828796348221658263e+00 9.224270114230963890e+35 2.828781402167644879e+35 1.008323355676696403e+06 6.447049777079479327e+01
-7.828768494695395930e+00 9.225213340192477329e+35 2.830115537838394551e+35 1.008323362021687673e+06 6.447040273357268347e+01
-7.828743171932728728e+00 9.226070837148725524e+35 2.831328533990334639e+35 1.008323367916636053e+06 6.447015577899784944e+01
-7.828715666677453555e+00 9.227002243381248547e+35 2.832646142040468941e+35 1.008323374364537769e+06 6.446983066772965287e+01
-7.828690000322239939e+00 9.227871392576333192e+35 2.833875717808746443e+35 1.008323380472261808e+06 6.446941196405505536e+01
-7.828666561639693100e+00 9.228665095220996270e+35 2.834998634889095198e+35 1.008323386096352595e+06 6.446897070802403107e+01
-7.828643549397384049e+00 9.229444357410883181e+35 2.836101172799261931e+35 1.008323391640251968e+06 6.446850951017262332e+01
-7.828620024411065970e+00 9.230240986480826451e+35 2.837228326902663562e+35 1.008323397342519136e+06 6.446799393687125246e+01
-7.828596274699521018e+00 9.231045218854011497e+35 2.838366305356672698e+35 1.008323403092978057e+06 6.446748157342996421e+01
-7.828569133584096562e+00 9.231964298757081994e+35 2.839666847540081809e+35 1.008323409639181569e+06 6.446692850292167520e+01
-7.828536531589634251e+00 9.233068301219129083e+35 2.841229155138366802e+35 1.008323417428977904e+06 6.446635776762371961e+01
-7.828491001204383792e+00 9.234610104106994399e+35 2.843411164773600243e+35 1.008323428075680160e+06 6.446585586208959739e+01
-7.828456781309796497e+00 9.235768904338253664e+35 2.845051253421050517e+35 1.008323435934964684e+06 6.446565994148726020e+01
-7.828427319564070785e+00 9.236766577512149155e+35 2.846463382650614545e+35 1.008323442543065641e+06 6.446569246139992515e+01
-7.828397976511041634e+00 9.237760238640858251e+35 2.847869900320855782e+35 1.008323448968618410e+06 6.446592288937686988e+01
-7.828365960816881852e+00 9.238844410839145297e+35 2.849404616664383720e+35 1.008323455825559096e+06 6.446636972328795423e+01
-7.828328280415007612e+00 9.240120415312670825e+35 2.851211000003152195e+35 1.008323463744689827e+06 6.446708747889327640e+01
-7.828280794550664723e+00 9.241728472896078877e+35 2.853487642003012237e+35 1.008323473560316488e+06 6.446820073932384787e+01
-7.828212354437710019e+00 9.244046126508836599e+35 2.856769275486228642e+35 1.008323487508965191e+06 6.447005744812211958e+01
-7.828081640127493301e+00 9.248472634760724984e+35 2.863038105362624846e+35 1.008323513914898038e+06 6.447390297304214357e+01
-7.827821518651035149e+00 9.257281390143877371e+35 2.875517779741112867e+35 1.008323566442509647e+06 6.448158710691342321e+01
-7.827303876911173575e+00 9.274240886011257066e+35 2.900625317139754584e+35 1.008323670580420760e+06 6.449742919093235116e+01
-7.826273769849649398e+00 9.307109002764520298e+35 2.951111671741826208e+35 1.008323876696771127e+06 6.453048514205232777e+01
-7.824410001088835998e+00 9.374284481299227759e+35 3.040844827230941531e+35 1.008324246647379478e+06 6.459391704017691893e+01
-7.822112637368263677e+00 9.458399223709559990e+35 3.152371270544335499e+35 1.008324700833755312e+06 6.467522754454681433e+01
-7.819469993039092515e+00 9.554484673332454573e+35 3.282061797688012051e+35 1.008325227581841871e+06 6.476566904240695521e+01
-7.816126367255492369e+00 9.677214305070092357e+35 3.447247340575289431e+35 1.008325895059650298e+06 6.488079242807144453e+01
-7.811795562774932478e+00 9.841947161165773992e+35 3.663137630880689324e+35 1.008326766186503228e+06 6.502789930374703431e+01
-7.806193191598140402e+00 1.012012402156372411e+36 4.112227412937387989e+35 1.008327917143253144e+06 6.521607857177193068e+01
-7.798884858639212325e+00 1.064562084865609573e+36 4.778717237171120141e+35 1.008329419732193346e+06 6.548419558029438292e+01
-7.789056964058545418e+00 1.143574199776748847e+36 5.760716522736812397e+35 1.008331430601610569e+06 6.587391444638069515e+01
-7.775883789967338089e+00 1.247995158933647162e+36 7.056294194311265668e+35 1.008334138891650247e+06 6.643278993925822817e+01
-7.758401921342738206e+00 1.382094975536150873e+36 8.504277070786717234e+35 1.008337795141073409e+06 6.724424302604693082e+01
-7.738877751871768851e+00 1.550223656968403436e+36 1.002032862860659573e+36 1.008341994300986757e+06 6.817417080698362497e+01
-7.723908138927072287e+00 1.713873014882088183e+36 1.089414048114003012e+36 1.008345345420727623e+06 6.891565660899391332e+01
-7.710568768936354900e+00 1.892501096735867382e+36 1.175727006327340917e+36 1.008348405739647103e+06 6.959644164008908263e+01
-7.698863130746758543e+00 2.076621758402433646e+36 1.273081844018473558e+36 1.008351163723052596e+06 7.022349250978309954e+01
-7.687219127106800443e+00 2.261345944243823150e+36 1.365457099048429101e+36 1.008353938806667924e+06 7.085238575430985009e+01
-7.673156561635551043e+00 2.452064138284410215e+36 1.457778479300275009e+36 1.008357427507348475e+06 7.163386914288668095e+01
-7.655973296528827632e+00 2.715932399004758513e+36 1.588925267409871503e+36 1.008362064696542220e+06 7.269393364440769290e+01
-7.640526190680247964e+00 2.941567215968033012e+36 1.737094338731012869e+36 1.008366368725079927e+06 7.362712899004560541e+01
-7.625659747434838209e+00 3.133459898171514201e+36 1.878721067873313015e+36 1.008370658899236820e+06 7.451573103764656025e+01
-7.612262742062739562e+00 3.293070850382936127e+36 1.987212040753449646e+36 1.008374636851705960e+06 7.530764664048479062e+01
-7.600733754508837592e+00 3.395166158345739171e+36 2.056126982854680458e+36 1.008378117796380538e+06 7.596751836905238520e+01
-7.590189266629749909e+00 3.480955433886341322e+36 2.112498911736339236e+36 1.008381364090325194e+06 7.656564477400908686e+01
-7.579802053616731428e+00 3.582600560766837518e+36 2.179666050307021805e+36 1.008384613181893248e+06 7.713550934291052386e+01
-7.569199272787955124e+00 3.704182483455971918e+36 2.262611431318712206e+36 1.008387999642680865e+06 7.771104398082192688e+01
-7.558312900160672143e+00 3.851891957446761004e+36 2.361471807239264530e+36 1.008391540031263605e+06 7.832035094115494189e+01
-7.546854433148837416e+00 3.995409724541487584e+36 2.458348368570231279e+36 1.008395330084845540e+06 7.896718043992264313e+01
-7.534677918763918569e+00 4.115807357228170244e+36 2.540544147987144958e+36 1.008399444114154205e+06 7.966346810372697007e+01
-7.522175953919941094e+00 4.206896491407083125e+36 2.595509534859673877e+36 1.008403777792427223e+06 8.033173748479451604e+01
-7.508014686292881379e+00 4.318536246248151276e+36 2.658822404263191619e+36 1.008408804339804454e+06 8.107644541485257150e+01
-7.492567732351744780e+00 4.466309093642969691e+36 2.715839995215537901e+36 1.008414495201175334e+06 8.178820466436785352e+01
-7.475605528397863964e+00 4.732128433168520108e+36 2.700783341759579608e+36 1.008421095324164373e+06 8.242142513377427804e+01
-7.457088078310334822e+00 5.168983548054242607e+36 2.589937356331297822e+36 1.008428343807467376e+06 8.337960889136783749e+01
-7.437136977605405264e+00 5.528895728291623279e+36 2.634832522586992352e+36 1.008436483439646312e+06 8.439284582062850859e+01
-7.415962858693092130e+00 5.891158442248246349e+36 2.644182445613438467e+36 1.008445661478770198e+06 8.522929976678371133e+01
-7.396925124881818192e+00 6.392880165245583306e+36 2.308152201164433410e+36 1.008453946636487497e+06 8.633180518617244559e+01
-7.374202732753474265e+00 6.929756202872557976e+36 2.063303386493495216e+36 1.008464052070954815e+06 8.794962807709575259e+01
-7.351275817298301263e+00 7.295563092851195588e+36 1.987267598656804286e+36 1.008474533115115017e+06 8.983399387858403884e+01
-7.328352903918130323e+00 7.663634229491915167e+36 1.896493474430510631e+36 1.008485394962453865e+06 9.193049037505294052e+01
-7.305543862672493560e+00 7.971201739905099222e+36 1.906474784704428169e+36 1.008496617639723816e+06 9.422036826091076023e+01
-7.282880569306144025e+00 8.386209054292608519e+36 1.839947033172369440e+36 1.008508268401479349e+06 9.664443268315221758e+01
-7.260384184774011374e+00 8.715780277527903670e+36 1.865542352466689170e+36 1.008520363029811415e+06 9.925884286236215814e+01
-7.238045605561637785e+00 9.013175689546083697e+36 1.959187611253277998e+36 1.008532886705803568e+06 1.020825977974176908e+02
-7.215866067315801047e+00 9.329417245464965404e+36 2.065548523885841609e+36 1.008545872620245325e+06 1.051566300461021370e+02
-7.193880348189850338e+00 9.692333628376251664e+36 2.158416238233387773e+36 1.008559311317438609e+06 1.084217873311174856e+02
-7.172093635010241996e+00 1.005117722177287069e+37 2.278533129532240914e+36 1.008573223689295701e+06 1.119138947888070419e+02
-7.150509854167466983e+00 1.045913798766467069e+37 2.405857190410323202e+36 1.008587670733976061e+06 1.155621141067064173e+02
-7.129174904152023373e+00 1.084304834749767429e+37 2.573248136341687517e+36 1.008602565865036799e+06 1.193596114922070939e+02
-7.108397380212409189e+00 1.124287412604852465e+37 2.744262005625558909e+36 1.008617700892241206e+06 1.232564213663889774e+02
-7.088027783080178779e+00 1.165839886951696486e+37 2.915501597634586409e+36 1.008633133319351822e+06 1.272452940949411584e+02
-7.068470417463686317e+00 1.208011864616148837e+37 3.080259401832410056e+36 1.008648508968835697e+06 1.312085513918337938e+02
-7.050189185523777269e+00 1.250201578285862256e+37 3.227262172908982648e+36 1.008663380699340370e+06 1.349977599427589610e+02
-7.032567524263868108e+00 1.298714066923464516e+37 3.345892217646053943e+36 1.008678222868742421e+06 1.386659805880857448e+02
-7.015689341125835199e+00 1.339496292341372689e+37 3.470387403169303527e+36 1.008692848623516154e+06 1.422154136275162841e+02
-6.999447684331244091e+00 1.379652395547576885e+37 3.581144228896591325e+36 1.008707313819349860e+06 1.456442126015461440e+02
-6.983766721961728763e+00 1.418878887129711163e+37 3.671642607320787653e+36 1.008721634597890428e+06 1.489596247722226110e+02
-6.968426292180083692e+00 1.457893117325213899e+37 3.749541388892754432e+36 1.008735969798449078e+06 1.521774533045711451e+02
-6.953114237152476562e+00 1.497201956853714257e+37 3.814749109260419368e+36 1.008750598434171756e+06 1.553383676061560834e+02
-6.937473969985148869e+00 1.537219059965136246e+37 3.860887149408250927e+36 1.008765884841567604e+06 1.584955673469825683e+02
-6.922565895183652174e+00 1.576387350444887432e+37 3.901667347101209241e+36 1.008780754159194883e+06 1.614387026709524378e+02
-6.908473287603555946e+00 1.615263666909143620e+37 3.950766778696659917e+36 1.008795072673964547e+06 1.641416859468850760e+02
-6.895086410655494547e+00 1.652733412110900018e+37 3.974692995059652294e+36 1.008808901792675606e+06 1.666201385805333928e+02
-6.882751523644401459e+00 1.690427908868990440e+37 4.008168269091094694e+36 1.008821837358523859e+06 1.688172627192441553e+02
-6.870414269826142117e+00 1.728197114743582799e+37 4.029605436948806752e+36 1.008834957816807088e+06 1.709224207497809402e+02
-6.858654201991157606e+00 1.766097608074350123e+37 4.060732806783924038e+36 1.008847629006226314e+06 1.728343919581765817e+02
-6.846946494835719932e+00 1.801027536167332682e+37 4.058611116670661002e+36 1.008860397576565272e+06 1.746426645896275147e+02
-6.835254358713427791e+00 1.843631049980721705e+37 4.123115772564570928e+36 1.008873296235348913e+06 1.763492303484476622e+02
-6.823474171545967693e+00 1.885502263727786890e+37 4.162045684675253690e+36 1.008886430011344608e+06 1.779768456311680325e+02
-6.811210274514451157e+00 1.934288835993715476e+37 4.279826050873710328e+36 1.008900243819180527e+06 1.795647426688906023e+02
-6.798359377346059773e+00 1.978347193117090684e+37 4.254881920637231228e+36 1.008914861801100196e+06 1.811144246151555706e+02
-6.784858905364671955e+00 2.032989424486046940e+37 4.306610478709381886e+36 1.008930368953399360e+06 1.826155222621859195e+02
-6.771645522250764770e+00 2.088643243146961219e+37 4.380496466262662110e+36 1.008945686638843734e+06 1.839549122025989334e+02
-6.758645556550618494e+00 2.146898185917660017e+37 4.469650829894385771e+36 1.008960876948209130e+06 1.851558977897950911e+02
-6.745940700322535122e+00 2.204001324508159086e+37 4.552115758714757431e+36 1.008975843982718885e+06 1.861972323030824725e+02
-6.733632861894875532e+00 2.258065816448403036e+37 4.611655986016422711e+36 1.008990437248196453e+06 1.870901796433716697e+02
-6.721634487748815445e+00 2.315344466938003909e+37 4.685189801405980191e+36 1.009004753015125054e+06 1.878606205804618412e+02
-6.709997743389976677e+00 2.364902901391869460e+37 4.733261377610999265e+36 1.009018701292739832e+06 1.885083924843187333e+02
-6.698717161994864000e+00 2.412013039199447653e+37 4.775183269628882305e+36 1.009032287528414745e+06 1.890645907181651069e+02
-6.687705545555218123e+00 2.460603101341017136e+37 4.833210922392949520e+36 1.009045591324824723e+06 1.895203983855553531e+02
-6.676870240116841160e+00 2.507192019944034384e+37 4.869540524168311594e+36 1.009058722536054323e+06 1.899043584617242004e+02
-6.666211418963939650e+00 2.553362192453605147e+37 4.909269072681758045e+36 1.009071661022716668e+06 1.902177525538438374e+02
-6.655657295712444466e+00 2.605041543330936633e+37 4.924831914891063351e+36 1.009084496286185342e+06 1.904824578379309230e+02
-6.645058888185303658e+00 2.651171320660065699e+37 4.971459800111117859e+36 1.009097399021052173e+06 1.906842766681795638e+02
-6.634461139223276405e+00 2.699233165030229799e+37 5.033103147279056978e+36 1.009110308575039846e+06 1.908508794212006023e+02
-6.623813852977036731e+00 2.745466337104226690e+37 5.097657835246257409e+36 1.009123282400572556e+06 1.909707699012598425e+02
-6.613073464523040457e+00 2.794217230400962917e+37 5.155482278839570462e+36 1.009136370677456376e+06 1.910604128039673242e+02
-6.602217796495096991e+00 2.848302473168711955e+37 5.201094409065510563e+36 1.009149590978131164e+06 1.911142107760290685e+02
-6.591455533940461464e+00 2.902160536565993095e+37 5.251005445028883316e+36 1.009162687943125959e+06 1.911462682133903002e+02
-6.580396917383041000e+00 2.954723103110937328e+37 5.347825594174613775e+36 1.009176127067210269e+06 1.911511596939961635e+02
-6.569267348470020806e+00 3.003127290353705818e+37 5.430820437094359591e+36 1.009189631369394017e+06 1.911452692251712051e+02
-6.557219744288886432e+00 3.065224627049197814e+37 5.495121085807329103e+36 1.009204214988845866e+06 1.911188801163927167e+02
-6.544473601243225858e+00 3.132217945527849597e+37 5.526503684732351077e+36 1.009219604004098102e+06 1.911038078027227414e+02
-6.531071717829036061e+00 3.208217648686591130e+37 5.509726192994921083e+36 1.009235723942046985e+06 1.910846218804656189e+02
-6.518076094551361166e+00 3.279581293100439652e+37 5.514106813177351846e+36 1.009251298855667235e+06 1.910895039372458655e+02
-6.505890151594940107e+00 3.343422563019424212e+37 5.549333213451037911e+36 1.009265848792337929e+06 1.910966916151934072e+02
-6.493905215083941584e+00 3.413803214408400911e+37 5.508578694182987395e+36 1.009280100742687238e+06 1.911328238370305996e+02
-6.481552446053683525e+00 3.480056031177773031e+37 5.530942533122012594e+36 1.009294724637705716e+06 1.911881821744736669e+02
-6.468003966154356021e+00 3.563874207922645517e+37 5.434422222239311060e+36 1.009310683627146180e+06 1.912926881730163018e+02
-6.454344648525875527e+00 3.642946854087660158e+37 5.399314499953921499e+36 1.009326671418486629e+06 1.914327151502667448e+02
-6.441495876188128022e+00 3.714922669683604061e+37 5.398614225853014631e+36 1.009341638665260049e+06 1.916148709587201893e+02
-6.428337932480644668e+00 3.789295173635645784e+37 5.394722414127865396e+36 1.009356856866103131e+06 1.918272975394430091e+02
-6.413945123804296600e+00 3.870752720711580857e+37 5.389749894808340642e+36 1.009373420166195603e+06 1.921169832239267805e+02
-6.397873746151162777e+00 3.962094625171875863e+37 5.382056101960070874e+36 1.009391761522384477e+06 1.924851663688768610e+02
-6.379008498155599227e+00 4.070167983719791837e+37 5.361129208411775067e+36 1.009413142296842881e+06 1.929798456796478376e+02
-6.357530224904621718e+00 4.193202972089774759e+37 5.334876391894434922e+36 1.009437243843232398e+06 1.936354265588287262e+02
-6.333486837127566105e+00 4.330891901095701678e+37 5.298954105182978997e+36 1.009463945739399642e+06 1.944621878891716449e+02
-6.309741931578173535e+00 4.466950870155162547e+37 5.250739463103613695e+36 1.009490009341050754e+06 1.953710075769103014e+02
-6.285676363895618124e+00 4.604614858576183436e+37 5.189861269587103817e+36 1.009516114042246598e+06 1.963769691869788119e+02
-6.262873889310867526e+00 4.734638005206509576e+37 5.122526395433679985e+36 1.009540573776249890e+06 1.974040285880322472e+02
-6.238970535567204934e+00 4.870310764333216806e+37 5.043364760005500272e+36 1.009565880566056701e+06 1.985641346794355968e+02
-6.215883202261466067e+00 5.000589829851322077e+37 4.959188877945879462e+36 1.009590038279396947e+06 1.997490323968220309e+02
-6.191381581007590285e+00 5.136984974575913136e+37 4.860801128326206802e+36 1.009615327443121816e+06 2.010845925989292766e+02
-6.167067552985827206e+00 5.270891458096735539e+37 4.757067319493470267e+36 1.009640099381434266e+06 2.024753567264972105e+02
-6.142263497313251719e+00 5.406013490790504677e+37 4.647277903171854605e+36 1.009664995431036805e+06 2.039705381072753028e+02
-6.115940736912307329e+00 5.547474668192203049e+37 4.527575331514167840e+36 1.009691016761047416e+06 2.056301453225480316e+02
-6.088963092021003831e+00 5.689976169745626118e+37 4.402177961918118460e+36 1.009717224074655678e+06 2.074243321498960029e+02
-6.063535808203596389e+00 5.822092650438899002e+37 4.282849352422374495e+36 1.009741528615183430e+06 2.091777178077587109e+02
-6.038265485170995817e+00 5.950869991563459389e+37 4.164866747611972730e+36 1.009765254508566810e+06 2.110025361889893816e+02
-6.012179189612652408e+00 6.081216166640208704e+37 4.045282870559376475e+36 1.009789317430963740e+06 2.129607875564870483e+02
-5.984331035102513852e+00 6.217385922175791648e+37 3.921463482937027368e+36 1.009814521122955484e+06 2.151336235101726686e+02
-5.954303740170871606e+00 6.362084886157043023e+37 3.796116067143600020e+36 1.009841107260445599e+06 2.175876527064068284e+02
-5.928229424338496756e+00 6.484391973315456078e+37 3.689760886601619471e+36 1.009863712153308094e+06 2.197908825077629729e+02
-5.905326234347739955e+00 6.587940248192210829e+37 3.598545115358546681e+36 1.009883181742487010e+06 2.217945666734102588e+02
-5.884383643609908177e+00 6.680682180320155429e+37 3.520912040521518078e+36 1.009900690285789315e+06 2.236739324641211226e+02
-5.859059203092328971e+00 6.789794744835267540e+37 3.435805360315126009e+36 1.009921433335225913e+06 2.260115721263974535e+02
-5.832911237830558093e+00 6.899828575813133339e+37 3.355615799341578934e+36 1.009942419172935188e+06 2.284748518167361055e+02
-5.805212581573869102e+00 7.013526082294493250e+37 3.280421130847783060e+36 1.009964126818295219e+06 2.311647949646003042e+02
-5.773422614445735235e+00 7.139873160340149832e+37 3.209171786885011837e+36 1.009988420169003308e+06 2.343361977086084380e+02
-5.738561657719401410e+00 7.273009644526284031e+37 3.144051497979290100e+36 1.010014271501679788e+06 2.379029993633567415e+02
-5.699223041028744774e+00 7.416554410193354260e+37 3.090350052052273870e+36 1.010042445778204594e+06 2.420679234186167719e+02
-5.658620031816099072e+00 7.557860179582729730e+37 3.054019121438792630e+36 1.010070504487975268e+06 2.464189767752016564e+02
-5.621107752704119775e+00 7.681724474686877158e+37 3.035868890415041331e+36 1.010095431845449377e+06 2.505699873144532148e+02
-5.584784901242528576e+00 7.796375586787127709e+37 3.031105272518546910e+36 1.010118797419660492e+06 2.546097555755137591e+02
-5.548566735877102474e+00 7.904859512698951893e+37 3.038779101927271837e+36 1.010141219246398541e+06 2.587094498747259195e+02
-5.511565775512281107e+00 8.010646719504677099e+37 3.054054467567461592e+36 1.010163359205306391e+06 2.628957450512814944e+02
-5.472970369843096705e+00 8.115059444733353485e+37 3.078879295152414480e+36 1.010185525139259989e+06 2.673682325435408416e+02
-5.431856208779208828e+00 8.220601492476256007e+37 3.110769491583577992e+36 1.010208250181181356e+06 2.720980080708312698e+02
-5.387106659636629047e+00 8.330456617487270017e+37 3.141109340408939641e+36 1.010231909011346521e+06 2.773134812542640475e+02
-5.337242606397921918e+00 8.442855325048625090e+37 3.191312551248895087e+36 1.010257006161609781e+06 2.830703280346916131e+02
-5.280197707721526967e+00 8.560046238750049163e+37 3.261197181665509584e+36 1.010284024669494829e+06 2.897940864579519484e+02
-5.219302283479919424e+00 8.677483618588065351e+37 3.316426647700316761e+36 1.010311197523555951e+06 2.968953328068445217e+02
-5.163227490451390622e+00 8.778612799354005516e+37 3.351971187737860320e+36 1.010334678527668118e+06 3.033656737142114821e+02
-5.109047306013962952e+00 8.867814451590844881e+37 3.390381480918484674e+36 1.010356172611989081e+06 3.094726832902102842e+02
-5.055216451004525879e+00 8.950403949346385508e+37 3.425479260497333952e+36 1.010376431992904050e+06 3.154304514989047448e+02
-5.000564865087653743e+00 9.029886148606166190e+37 3.445634587537463824e+36 1.010395905744164716e+06 3.213393176059104803e+02
-4.944045591179019539e+00 9.107426182811595443e+37 3.459745627371348890e+36 1.010415030071741319e+06 3.273552100568558672e+02
-4.884602992769941920e+00 9.184578883225877725e+37 3.464821869740259494e+36 1.010434119910177891e+06 3.334896496599960756e+02
-4.820991357846651226e+00 9.263270076099309132e+37 3.461824390987668846e+36 1.010453513297837344e+06 3.398819143495256867e+02
-4.751654247636906803e+00 9.343999036336356674e+37 3.458461150721384108e+36 1.010473553982659476e+06 3.466436800644070786e+02
-4.674518584040924907e+00 9.430365209018255260e+37 3.446683719022288116e+36 1.010494674993360764e+06 3.539242734117571558e+02
-4.586673001678718720e+00 9.526364012803066563e+37 3.422484263150063856e+36 1.010517502655831282e+06 3.619637338848263539e+02
-4.483902693555137375e+00 9.636976572345865066e+37 3.390909413932035735e+36 1.010542939457154600e+06 3.709926385099344088e+02
-4.386242961321840994e+00 9.744047764421624263e+37 3.361727386545114031e+36 1.010565823970408412e+06 3.797083111974937992e+02
-4.293511850697541377e+00 9.845916687509993691e+37 3.330469710896219629e+36 1.010587228663353599e+06 3.876043885097053590e+02
-4.202477554608776700e+00 9.950797815252522334e+37 3.282329688944570591e+36 1.010608169961269246e+06 3.950660605545814406e+02
-4.111090291658911156e+00 1.005925579343212566e+38 3.251810044675447675e+36 1.010629398657266051e+06 4.022650389427622031e+02
-4.017761945455276873e+00 1.017373713547816741e+38 3.233517929100892807e+36 1.010651396189386025e+06 4.094675414473107367e+02
-3.921036907151574269e+00 1.029928588884603860e+38 3.208912006599003154e+36 1.010674678596780403e+06 4.168765698656973768e+02
-3.819379590910102706e+00 1.043754027584680147e+38 3.194856860740635768e+36 1.010699803350774571e+06 4.247093049621933005e+02
-3.711125605117558734e+00 1.059151013842951752e+38 3.196252658117390639e+36 1.010727420255738543e+06 4.331871459011451861e+02
-3.594167097500758246e+00 1.076555189287344274e+38 3.215290960014584791e+36 1.010758426611767616e+06 4.425953719661609398e+02
-3.465842495683318703e+00 1.096744659146754844e+38 3.238699862049029041e+36 1.010793940200359793e+06 4.532861914395617191e+02
-3.322635686374269426e+00 1.120310628443729506e+38 3.285904478191477453e+36 1.010835435372999636e+06 4.658233884554766746e+02
-3.159757634257402970e+00 1.148336472310908073e+38 3.371526157965991440e+36 1.010884957945264177e+06 4.809954212929901587e+02
-2.980548536303103901e+00 1.180355156740710162e+38 3.490346032758485864e+36 1.010942106071373564e+06 4.989501118140399285e+02
-2.816317330129095353e+00 1.210513980559759223e+38 3.627308137988219614e+36 1.010996220950152376e+06 5.169164573091302373e+02
-2.658893441141117364e+00 1.239328874997392146e+38 3.734063406616882648e+36 1.011049353071656195e+06 5.356075382013502804e+02
-2.504312578035751358e+00 1.267139079364680466e+38 3.841025229845679759e+36 1.011102442051529186e+06 5.549257809777454895e+02
-2.349842514089687029e+00 1.294568607710931608e+38 3.964166529300581749e+36 1.011155887110764626e+06 5.750987526120034090e+02
-2.193342596121510724e+00 1.321500191748604902e+38 4.070169793805685862e+36 1.011209697669697227e+06 5.966647457687271299e+02
-2.032944285670964746e+00 1.347950508725179835e+38 4.201408655411113370e+36 1.011264082672825200e+06 6.197223121451312409e+02
-1.866778868952678749e+00 1.374003973685860703e+38 4.324079166006446620e+36 1.011318807503688382e+06 6.447983990221149497e+02
-1.692680629515962210e+00 1.399574057733302318e+38 4.450735797791304660e+36 1.011373938464429229e+06 6.720700918882059796e+02
-1.513362591162149329e+00 1.423483211719835281e+38 4.559725941330076322e+36 1.011428543311063899e+06 7.005379678019471612e+02
-1.346950620485586114e+00 1.443509177232528792e+38 4.645866908359623076e+36 1.011476647537815501e+06 7.271590586643893630e+02
-1.192871594907046529e+00 1.460176319655678124e+38 4.733231357323520570e+36 1.011518051482977229e+06 7.521850387452975610e+02
-1.053156656606006436e+00 1.473589067681261235e+38 4.819866498711237044e+36 1.011552833065219573e+06 7.750073445341618026e+02
-9.276064731348014902e-01 1.484098089455524795e+38 4.862654993590867589e+36 1.011582218163853860e+06 7.950868376262060337e+02
-8.145267700019758195e-01 1.492377112514709294e+38 4.914361482958360306e+36 1.011606383196706302e+06 8.133330739005803025e+02
-7.124894928165304009e-01 1.498990811377695192e+38 4.951635957366477501e+36 1.011626557244485593e+06 8.292469556662396144e+02
-6.207495142007246614e-01 1.503880922702083478e+38 4.960831860436697719e+36 1.011643111198365339e+06 8.436033959347082600e+02
-5.379110311732802074e-01 1.507785898831960612e+38 4.985316906121860949e+36 1.011656782141180825e+06 8.562085176210783857e+02
-4.636419433882110752e-01 1.510777641743092118e+38 4.996094271539957032e+36 1.011668160332941334e+06 8.672736123195495566e+02
-3.969707522301177960e-01 1.513025226826954739e+38 5.005056921787198589e+36 1.011677575392209110e+06 8.769329530161861612e+02
-3.374308342354197521e-01 1.514733481165843012e+38 5.018669365988209522e+36 1.011685254389886162e+06 8.852461323635081953e+02
-2.844454471887729596e-01 1.516046211029027534e+38 5.015890282378605517e+36 1.011691623196055647e+06 8.924774979721606769e+02
-2.374553517729509622e-01 1.517098478053388758e+38 5.016909681095459994e+36 1.011697038931893068e+06 8.989371993133123624e+02
-1.958542399515863508e-01 1.517831791238283227e+38 5.016168604627753781e+36 1.011701320774495485e+06 9.043996393881482163e+02
-1.589822053902025800e-01 1.518442450563367248e+38 5.021263182901319386e+36 1.011704841845746036e+06 9.091102372645109426e+02
-1.260858622845262289e-01 1.518876707818686371e+38 5.022518432331695192e+36 1.011707881364093628e+06 9.134021710304006092e+02
-9.620209156855707988e-02 1.519152980171783757e+38 5.017096691761115297e+36 1.011710294919986976e+06 9.171617818981110304e+02
-6.816279398481128737e-02 1.519379719388089141e+38 5.009567741864652904e+36 1.011712391400657594e+06 9.206714354109150236e+02
-3.969709603188675828e-02 1.519602148213136576e+38 5.001123495441104252e+36 1.011714474984643515e+06 9.242744948204988304e+02
0.000000000000000000e+00 1.519868424985187151e+38 4.988758223332926732e+36 1.011717379579252680e+06 9.293024709582089145e+02
6.748589478957001120e-02 1.519479308772416543e+38 4.984211420860883403e+36 1.011720909782614675e+06 9.370794007208369294e+02
1.427054728301300202e-01 1.518979836030946589e+38 4.972740126177539939e+36 1.011724394603517372e+06 9.455417782035658547e+02
2.299901093101652805e-01 1.517869628350695028e+38 4.943182095185217886e+36 1.011727072029398871e+06 9.548131381092564425e+02
3.349502846504037734e-01 1.515725118925330904e+38 4.907509539539388968e+36 1.011728308073450928e+06 9.650685683512278956e+02
4.631297456035099458e-01 1.512046412234934711e+38 4.859846856781690567e+36 1.011727117868559784e+06 9.762630574142456226e+02
6.237416936746740248e-01 1.505571859824586216e+38 4.813212408445282061e+36 1.011721366730579408e+06 9.882499465396399501e+02
8.318339311226736754e-01 1.494667647420519890e+38 4.733585987718720909e+36 1.011706390185991186e+06 9.995317271663489009e+02
1.063241287607525010e+00 1.479518134677028893e+38 4.658634702867820814e+36 1.011680455213355250e+06 1.006594180738222235e+03
1.308357855021313298e+00 1.460444135631238818e+38 4.540089130854233223e+36 1.011643037002162193e+06 1.007575630511853547e+03
1.530556318484741496e+00 1.441014781490567748e+38 4.428953116005950027e+36 1.011600851783272228e+06 1.002291961066849012e+03
1.732031856128742220e+00 1.421696013200341854e+38 4.324803120498525425e+36 1.011556681301563862e+06 9.925228855951580726e+02
1.914628545080631739e+00 1.402949340534718146e+38 4.223970330693756252e+36 1.011512097634546109e+06 9.792257019185691433e+02
2.079007378732057987e+00 1.385406850568534128e+38 4.132400928583964565e+36 1.011468509635133203e+06 9.633593750808940968e+02
2.227964129273459548e+00 1.369038838854329286e+38 4.052826352583872259e+36 1.011426684298813692e+06 9.461827162092042727e+02
2.361699638171558036e+00 1.354064916682555859e+38 3.980500381672985152e+36 1.011387495128629031e+06 9.285257820424309330e+02
2.482387123658554628e+00 1.340470551978203469e+38 3.914548685670716823e+36 1.011351045358983683e+06 9.111356155136763846e+02
2.590613497570302570e+00 1.328194725831666936e+38 3.853899829111103003e+36 1.011317838128041127e+06 8.948388279848750244e+02
2.687652716867887648e+00 1.317149877467281682e+38 3.797494089216978788e+36 1.011287497263444937e+06 8.792314626141195504e+02
2.774254543863207800e+00 1.307263045204880518e+38 3.745535325803077760e+36 1.011260266217580764e+06 8.651621077553731993e+02
2.851219971449609147e+00 1.298464080394976164e+38 3.698227209849447056e+36 1.011235840547116939e+06 8.521383420698830378e+02
2.919385903875081567e+00 1.290678150533989782e+38 3.654038141607468501e+36 1.011214175886422745e+06 8.405891145695412661e+02
2.979656180425081402e+00 1.283780487295611875e+38 3.615676721326795903e+36 1.011194975400340627e+06 8.302729370243661151e+02
3.033063662256608950e+00 1.277651162461035646e+38 3.582739796845820987e+36 1.011177903425303870e+06 8.209788291031185281e+02
3.080887654352409299e+00 1.272128144582107101e+38 3.555716227761961139e+36 1.011162626142825931e+06 8.126587252576875926e+02
3.125018239883502247e+00 1.267037265564374692e+38 3.529890636748321331e+36 1.011148547650168766e+06 8.049789881601379875e+02
3.168774242039944511e+00 1.262008341394367002e+38 3.502214522439264289e+36 1.011134582784195314e+06 7.973706132742850059e+02
3.226552166095643770e+00 1.255370439895278160e+38 3.465174402970386433e+36 1.011116168334419955e+06 7.873402542152346086e+02
3.314394903209176846e+00 1.245274918163148247e+38 3.409459297796705828e+36 1.011088282117811497e+06 7.721073201782496653e+02
3.418381242106988793e+00 1.233354501022004864e+38 3.346889737766625275e+36 1.011055404802500154e+06 7.541896785028700378e+02
3.539870297299785307e+00 1.219359909393423160e+38 3.282910181719051039e+36 1.011017386396315997e+06 7.336369800857871724e+02
3.689194585753284628e+00 1.202279919025522922e+38 3.207180278636178561e+36 1.010971254755209316e+06 7.089257835958584337e+02
3.876658895031141583e+00 1.181162602196135294e+38 3.113124001503847655e+36 1.010914576266268617e+06 6.789883276451564598e+02
4.098552515915798722e+00 1.156689237398342776e+38 3.006861091466651893e+36 1.010849661751311389e+06 6.456070546548257880e+02
4.343860491921077482e+00 1.130343514336266380e+38 2.892770878632339534e+36 1.010780977874552016e+06 6.115311284457575312e+02
4.622981876578705851e+00 1.101430813376413906e+38 2.787490532092231251e+36 1.010707044931198005e+06 5.764476285413585401e+02
4.947723429308098275e+00 1.069383929840463908e+38 2.728048338851372782e+36 1.010626923884698772e+06 5.403228575672068246e+02
5.339026374462264357e+00 1.033415894012567504e+38 2.668470318721552744e+36 1.010538596611649962e+06 5.028218037589853679e+02
5.822270702712557977e+00 9.932922589029313895e+37 2.592524555642907154e+36 1.010441406626363518e+06 4.637250641580711772e+02
6.333136683286284097e+00 9.555432799823217029e+37 2.480761539463074746e+36 1.010351607514572912e+06 4.304381421012008104e+02
6.882737967644061428e+00 9.193381090056672933e+37 2.396196292693501296e+36 1.010267396327247843e+06 4.011605642140964960e+02
7.482563229677907657e+00 8.852600338280283603e+37 2.374673478287694020e+36 1.010188314312126487e+06 3.753868058583111633e+02
8.147618239672738127e+00 8.529363578299669552e+37 2.395066216846666059e+36 1.010113694019845454e+06 3.523806979918492175e+02
8.894423261219344568e+00 8.227940721475812776e+37 2.404392416538975482e+36 1.010042930659924750e+06 3.313450445940777627e+02
9.561059403979015769e+00 8.005639124521918811e+37 2.433643610901873047e+36 1.009989208403484430e+06 3.163645991514310936e+02
1.015367606072686613e+01 7.835819010401235513e+37 2.491908236821117881e+36 1.009947428366706939e+06 3.054267998358210434e+02
1.067889294997075922e+01 7.703465469920016841e+37 2.550587015263937079e+36 1.009914223301320570e+06 2.973241989214242267e+02
1.114419085977715440e+01 7.599883489685720397e+37 2.604907249173932314e+36 1.009887219294689246e+06 2.910976616255753129e+02
1.155604287746245973e+01 7.514753615638278599e+37 2.610131520308828577e+36 1.009864946987610776e+06 2.861783310154150399e+02
1.192073441960019409e+01 7.444417453739598771e+37 2.616607855561074456e+36 1.009846128329966334e+06 2.821326534288862149e+02
1.224398914821358630e+01 7.386944352933205969e+37 2.614275939726050281e+36 1.009830366634269827e+06 2.789001127692810087e+02
1.253100219741827459e+01 7.337957106941696118e+37 2.614034878259599793e+36 1.009816819603068638e+06 2.761445282786850726e+02
1.278648999212964554e+01 7.295515452924218716e+37 2.615426471739064964e+36 1.009805075286664884e+06 2.738570801622572048e+02
1.301459497503674356e+01 7.259719912477510234e+37 2.606026278045209124e+36 1.009794988078461145e+06 2.719324059699338250e+02
1.321866809510902385e+01 7.228269530573816283e+37 2.593788942289338236e+36 1.009786097377160215e+06 2.701940065601692140e+02
1.340184679462618078e+01 7.200458860348841744e+37 2.584288996452781053e+36 1.009778269284660462e+06 2.687029770830446296e+02
1.356601910841345671e+01 7.175221401430243498e+37 2.574245927215673746e+36 1.009771305186463636e+06 2.674142784679279998e+02
1.371350436301872833e+01 7.152316339842865085e+37 2.563957842089098692e+36 1.009765109026530408e+06 2.663214935743001774e+02
1.384570867749425815e+01 7.132328090606868151e+37 2.559647416749649815e+36 1.009759619276504614e+06 2.653506139690100554e+02
1.396403497372739366e+01 7.115137248962615128e+37 2.548244593085299769e+36 1.009754773165075458e+06 2.644700037635365106e+02
1.406982633685402106e+01 7.099860466758097753e+37 2.537344490526382306e+36 1.009750462969342247e+06 2.637026737840406554e+02
1.416429915142725804e+01 7.086268227578141169e+37 2.527839321628101443e+36 1.009746626485755551e+06 2.630249002418945565e+02
1.425001628392419661e+01 7.073929299314119573e+37 2.519240649821822100e+36 1.009743148986403015e+06 2.624122471050234822e+02
1.433084257533482742e+01 7.062430104282692595e+37 2.512964676920081753e+36 1.009739890472339350e+06 2.618329140437023739e+02
1.441937183534537326e+01 7.049879064951278883e+37 2.506878234461736959e+36 1.009736349435718614e+06 2.612144316179974339e+02
1.459554506276617758e+01 7.024011506873379144e+37 2.487071686813833969e+36 1.009729326909565483e+06 2.600211431697916282e+02
1.477488289526809240e+01 6.997648769618190006e+37 2.453270687139181827e+36 1.009722234391012811e+06 2.588235731277657692e+02
1.497420081155360094e+01 6.968625502911940180e+37 2.419924973096928435e+36 1.009714403740170994e+06 2.575255710425789744e+02
1.515066136401583208e+01 6.943457986729130950e+37 2.398424821926570531e+36 1.009707490407020901e+06 2.563793833572452741e+02
1.531021148461150005e+01 6.920627202745241686e+37 2.378337290998727256e+36 1.009701289877690026e+06 2.553111261386067667e+02
1.545348544511580258e+01 6.900227520823475361e+37 2.361121532804332573e+36 1.009695746785549447e+06 2.543331899265801894e+02
1.558200827653126908e+01 6.881929537392925738e+37 2.346045052323518943e+36 1.009690779792117770e+06 2.534496996548025720e+02
1.569718238965651835e+01 6.865705005000199702e+37 2.329389224172831415e+36 1.009686363328001695e+06 2.526589497001147606e+02
1.580021262904119794e+01 6.851036457561872745e+37 2.308266775798999382e+36 1.009682432977601886e+06 2.519489455193822494e+02
1.589377365146719967e+01 6.837628170552430752e+37 2.287843051756794575e+36 1.009678865163263050e+06 2.513107496050810710e+02
1.598171203480887925e+01 6.824961436659353456e+37 2.268164456363984871e+36 1.009675515504255425e+06 2.507208743361393601e+02
1.607630053359753219e+01 6.811280024282076457e+37 2.247075391560513839e+36 1.009671915819851216e+06 2.500896491562698145e+02
1.626453164618214942e+01 6.783424829907314533e+37 2.202442432181247718e+36 1.009664769719751203e+06 2.488755121147378020e+02
1.644806142302331864e+01 6.757556289843199150e+37 2.162968339385221597e+36 1.009657844873353839e+06 2.476797299197433517e+02
1.663041755463927984e+01 6.732048787932342035e+37 2.126659105250915191e+36 1.009651004145361367e+06 2.464952012659742309e+02
1.679497626476950245e+01 6.709345164886472414e+37 2.094849248382279427e+36 1.009644878399475710e+06 2.454274315748841104e+02
1.694295631440763827e+01 6.688750974242125152e+37 2.064391424978627261e+36 1.009639403361069853e+06 2.444231483313582771e+02
1.707591143507306697e+01 6.669877069574064632e+37 2.035639852793896511e+36 1.009634482137091807e+06 2.434739616200903072e+02
1.719529479507036740e+01 6.653570600395303325e+37 2.012605889763477984e+36 1.009630082370834309e+06 2.426198832393984901e+02
1.730260528145299759e+01 6.638998886454210537e+37 1.992317393111247845e+36 1.009626138910282054e+06 2.418549963521266193e+02
1.740085891716444166e+01 6.625745447201127923e+37 1.975062702977912186e+36 1.009622542104555294e+06 2.411494697088552641e+02
1.749528464032482589e+01 6.613053969504386390e+37 1.959207970180248784e+36 1.009619104586558416e+06 2.404847050641622843e+02
1.760730468346446287e+01 6.597769576136349463e+37 1.940547462535055761e+36 1.009615035043780808e+06 2.397105868381508174e+02
1.779723930598265724e+01 6.571281715574062117e+37 1.911666361207674306e+36 1.009608151211813441e+06 2.384209140114753893e+02
1.799076276216146653e+01 6.544385672785104196e+37 1.890001317819602800e+36 1.009601144832145772e+06 2.370824721855076689e+02
1.820392812175487052e+01 6.513725830821744072e+37 1.860992823034615257e+36 1.009593396393550676e+06 2.355088461039455581e+02
1.839377085807063850e+01 6.485760835364242355e+37 1.814606555417965563e+36 1.009586461991816876e+06 2.340468056745298782e+02
1.856446766243607271e+01 6.461294986948108046e+37 1.779722074858855311e+36 1.009580249146614922e+06 2.327233979031441891e+02
1.871856842996930936e+01 6.439595675689987341e+37 1.755524760243548069e+36 1.009574664101178292e+06 2.315392999950062460e+02
1.885786025025663548e+01 6.419913174671090454e+37 1.730705743340231537e+36 1.009569647830189089e+06 2.304885364443784965e+02
1.898328504564415198e+01 6.402232665292898533e+37 1.709095855481099833e+36 1.009565144744252437e+06 2.295488575450029316e+02
1.909664866190360044e+01 6.386277021883798326e+37 1.690143725710398048e+36 1.009561097709227237e+06 2.287248921768808430e+02
1.920149538125770050e+01 6.371499601569943525e+37 1.673138438327140512e+36 1.009557364666568465e+06 2.279672430673194015e+02
1.930552390771845239e+01 6.356745833003080787e+37 1.657043725080956879e+36 1.009553672867111047e+06 2.272237758542187009e+02
1.945236720658795093e+01 6.335462009478556284e+37 1.636361042477858694e+36 1.009548472410843126e+06 2.262145768808161392e+02
1.964762584896016051e+01 6.306283864607824606e+37 1.614485168401004801e+36 1.009541533692392055e+06 2.248467688922592060e+02
1.984097143924009288e+01 6.277105580283831300e+37 1.598853282182419426e+36 1.009534657550515258e+06 2.234898334708258574e+02
2.001482384526752867e+01 6.251842204574594910e+37 1.595044374189523911e+36 1.009528493967195158e+06 2.222422312071990689e+02
2.017184459620330017e+01 6.229337973063302390e+37 1.591342760462550516e+36 1.009522960975402500e+06 2.211534020321020364e+02
2.031349805697027477e+01 6.208877768723885398e+37 1.589874011223186812e+36 1.009518003013067064e+06 2.202301762137606147e+02
2.044111426410745480e+01 6.190204219460843438e+37 1.585288687989927503e+36 1.009513530652501388e+06 2.194221553840773993e+02
2.055771406587518868e+01 6.172851356267543401e+37 1.582538254114349386e+36 1.009509461922111455e+06 2.187351028930004873e+02
2.066782449299353175e+01 6.156300211604299223e+37 1.579851522370906633e+36 1.009505622938405024e+06 2.181317650388747325e+02
2.078533485466687125e+01 6.138114346241445364e+37 1.577175522648329144e+36 1.009501526238405029e+06 2.175200779267845235e+02
2.101918047439903603e+01 6.102059282716777079e+37 1.581770748189192235e+36 1.009493399814342265e+06 2.163805663790457459e+02
2.121921222641685745e+01 6.072388174564395579e+37 1.580503522489575802e+36 1.009486508668259252e+06 2.154293477776098769e+02
2.145397881902681547e+01 6.037214008944538530e+37 1.581657822803793345e+36 1.009478475788675365e+06 2.142661969917092222e+02
2.171350226960930740e+01 5.999376280284715510e+37 1.587409046573640944e+36 1.009469668391059386e+06 2.129086799672600705e+02
2.194628611582811573e+01 5.963838249157800837e+37 1.612970123923783629e+36 1.009530231014409917e+06 2.416842462440290831e+02
2.215557055573299294e+01 5.916013955260450153e+37 1.911137597233775088e+36 1.009542759425104130e+06 2.815228901626701941e+02
2.234598430875485064e+01 5.882803976522632424e+37 1.955104699808194075e+36 1.009615220274223015e+06 3.024794969021490942e+02
2.251843682644175715e+01 5.844689281646342304e+37 1.968257786496493716e+36 1.009630868706183974e+06 3.356238610844380901e+02
2.267455273289670004e+01 5.819876599602073575e+37 1.957731690288038958e+36 1.009635664904120960e+06 3.530571366604389709e+02
2.281573624466182082e+01 5.800186986670982566e+37 1.926367930036530482e+36 1.009635609666717122e+06 3.614797293360008439e+02
2.294533609004793107e+01 5.781652084956721659e+37 1.903262871563371556e+36 1.009634812369471532e+06 3.679332390518741249e+02
2.306826146748062456e+01 5.765277171979475387e+37 1.874613416853626442e+36 1.009632555823540315e+06 3.713566931615480939e+02
2.320020047354773851e+01 5.747300923076457646e+37 1.837516127476337737e+36 1.009629798075145227e+06 3.744549195107319406e+02
2.346275909561882145e+01 5.707700343244897494e+37 1.773214185008062953e+36 1.009622464916098514e+06 3.774265342561527063e+02
2.367357468323825742e+01 5.679083788261215614e+37 1.738229381852779841e+36 1.009615958722906536e+06 3.785926704681698993e+02
2.390336105963433511e+01 5.648198799046809132e+37 1.707529249394732497e+36 1.009608243783551152e+06 3.784955881633889589e+02
2.411054888135186047e+01 5.621402088303224813e+37 1.682601484703301774e+36 1.009601078749178094e+06 3.778173676210677172e+02
2.429864592818194069e+01 5.597564293545880102e+37 1.665009423538942387e+36 1.009594589699611068e+06 3.770704777450220035e+02
2.446931986252093338e+01 5.576415442925176867e+37 1.651448919029063435e+36 1.009588521116572898e+06 3.759014537111216896e+02
2.462442525808728533e+01 5.557145240652784290e+37 1.641092671843194934e+36 1.009583007692658459e+06 3.747635873084690843e+02
2.476643318088463275e+01 5.539039781141566747e+37 1.634138452049036456e+36 1.009577951861031819e+06 3.736765792289660340e+02
2.490010421659826534e+01 5.521303144611124953e+37 1.632002083400621330e+36 1.009573162034429959e+06 3.726090719375774825e+02
2.503844093945372151e+01 5.501901043622018990e+37 1.640577303679853064e+36 1.009568072506455239e+06 3.712755713512821671e+02
2.530399576439231168e+01 5.464057334407430042e+37 1.653875519556641454e+36 1.009558251084674033e+06 3.687494256518756401e+02
2.551891035748121794e+01 5.435054639416603192e+37 1.644420148219732885e+36 1.009550297358063632e+06 3.666569318161954243e+02
2.577644185316239600e+01 5.399487469470734184e+37 1.639954550061354050e+36 1.009540764793165494e+06 3.640615595723510296e+02
2.605258320412758621e+01 5.361102244506165923e+37 1.603321908522220913e+36 1.009530542167099309e+06 3.612373534690017323e+02
2.630134154109691735e+01 5.328538761586023154e+37 1.595931684711469118e+36 1.009521430335783865e+06 3.586769137299611998e+02
2.652741554319072748e+01 5.298301780960186500e+37 1.586153712311756833e+36 1.009513198409637902e+06 3.563310483203899253e+02
2.673274915870570112e+01 5.269946411774835059e+37 1.588726577166080463e+36 1.009505724945061957e+06 3.542002232369871990e+02
2.691965413038633415e+01 5.243959458764298730e+37 1.589487915790555056e+36 1.009498925877627800e+06 3.522566642604656977e+02
2.709011485216615256e+01 5.219820498191556033e+37 1.577824638887047813e+36 1.009492710380936856e+06 3.504911341399100024e+02
2.724678592332202243e+01 5.197598207874479071e+37 1.576351773867776078e+36 1.009486995936786640e+06 3.488561550939468248e+02
2.739484972392892814e+01 5.177013770679307995e+37 1.580167291590707359e+36 1.009481608726887149e+06 3.472772915861422689e+02
2.754831015773743275e+01 5.156132505310890765e+37 1.587546487920035287e+36 1.009476034473587526e+06 3.455876657607365132e+02
2.784072469056991395e+01 5.116104124988389839e+37 1.605920342234103100e+36 1.009465481522966060e+06 3.423435719096414118e+02
2.806711891038503381e+01 5.086656009940558843e+37 1.593692547370466328e+36 1.009457404725723434e+06 3.398493862917190427e+02
2.834368407963484060e+01 5.049061200591591657e+37 1.573885244035476637e+36 1.009447600908528315e+06 3.368666159925814441e+02
2.860450819947072887e+01 5.014288136105253090e+37 1.551372743198890155e+36 1.009438428140774718e+06 3.341215638237569578e+02
2.884124460846942384e+01 4.983404444393415266e+37 1.534884342500655575e+36 1.009430180135693867e+06 3.316449749905347630e+02
2.905691111265696236e+01 4.953855494372450270e+37 1.513305333399456527e+36 1.009422651063038502e+06 3.293368952114283843e+02
2.925384714255778817e+01 4.925982932143276913e+37 1.493252280333678318e+36 1.009415730413204757e+06 3.271709838171404954e+02
2.943362520615119138e+01 4.900438339170199089e+37 1.482598652197252913e+36 1.009409367500360357e+06 3.251396103129140442e+02
2.960087295487755910e+01 4.876480667483853745e+37 1.478804286547903689e+36 1.009403447494142456e+06 3.232433788852730459e+02
2.976186613443132956e+01 4.854541322408157632e+37 1.472420787356797639e+36 1.009397795226815389e+06 3.214686411552803520e+02
2.993957470684836153e+01 4.830362785003306260e+37 1.461296486583866386e+36 1.009391591176999616e+06 3.195424960397215841e+02
3.021294098255384597e+01 4.792736062015952721e+37 1.446849553278288439e+36 1.009382103154324112e+06 3.165578507992177606e+02
3.045841785138691193e+01 4.759495692929877297e+37 1.414367659862809710e+36 1.009373646098681260e+06 3.138924914217531636e+02
3.068218295925180428e+01 4.729153680956774655e+37 1.386004505805307635e+36 1.009366001695965999e+06 3.115433540594419810e+02
3.088688416209333809e+01 4.701868063610912832e+37 1.368953013039153109e+36 1.009359073642955977e+06 3.094394741477693174e+02
3.107440732185568777e+01 4.677304065909310597e+37 1.358760479746600399e+36 1.009352773834541440e+06 3.075280352331103586e+02
3.124983657008124283e+01 4.653307905042711192e+37 1.341571252116539247e+36 1.009346881227575708e+06 3.057274543047364546e+02
3.142015063181315782e+01 4.629836108815952241e+37 1.322381384226011802e+36 1.009341155054096016e+06 3.039567341177480557e+02
3.161517213210390764e+01 4.603858304907525719e+37 1.313078070769669159e+36 1.009334622110874159e+06 3.019006212710957584e+02
3.187166061744937906e+01 4.570263799224768958e+37 1.310914560615406006e+36 1.009326096957505797e+06 2.991846344506266178e+02
3.210259369156847242e+01 4.540737489129933593e+37 1.295565450657227967e+36 1.009318524244122091e+06 2.968135835123867992e+02
3.231484987566000200e+01 4.511662965172988222e+37 1.279222387671237850e+36 1.009311561784465564e+06 2.946689699901269250e+02
3.250956016065538279e+01 4.484517338244783199e+37 1.251283206242962420e+36 1.009305155041160178e+06 2.926997655408457604e+02
3.269219607319610077e+01 4.460545871203672167e+37 1.236593539944903369e+36 1.009299200433541904e+06 2.908946979557215400e+02
3.287086287490456016e+01 4.438029571263030900e+37 1.229583977557504032e+36 1.009293444329573307e+06 2.891550037417599697e+02
3.307858503811803530e+01 4.411879077833082749e+37 1.220122491195816273e+36 1.009286827190795448e+06 2.871985744148294657e+02
3.330496700057847193e+01 4.382755948953485603e+37 1.207895124322895861e+36 1.009279669023341034e+06 2.851296887368097828e+02
3.351221025294944411e+01 4.355395534843306442e+37 1.190171215335537068e+36 1.009273118909320212e+06 2.832267752899646212e+02
3.370459732375820749e+01 4.330920620555327487e+37 1.186640411047273809e+36 1.009267081937200623e+06 2.814728074399832849e+02
3.388870064798902604e+01 4.308381859640182606e+37 1.184008479496939648e+36 1.009261357683164999e+06 2.798239874722586364e+02
3.408227241920030792e+01 4.284576329534792921e+37 1.175428735659589194e+36 1.009255403081291821e+06 2.781365261825408766e+02
3.441065843387332279e+01 4.244152274442019122e+37 1.167440781600623988e+36 1.009245406821572804e+06 2.753334953905262523e+02
3.467019376499956707e+01 4.212482851853113787e+37 1.141147586797987956e+36 1.009237555098287645e+06 2.730625985038826684e+02
3.494234419933491154e+01 4.178446828924445550e+37 1.137809527751526501e+36 1.009229329637710820e+06 2.706221370704728315e+02
3.519017053020434105e+01 4.147567152282571444e+37 1.139433585088024360e+36 1.009221878442997229e+06 2.684826183191172504e+02
3.541803022384192445e+01 4.119679876094991628e+37 1.122682400263654071e+36 1.009215081390021252e+06 2.665894961113276054e+02
3.562819167728230241e+01 4.094020813720384266e+37 1.108393942712090035e+36 1.009208858221180853e+06 2.648403070199659624e+02
3.582694369380260468e+01 4.070545340914147628e+37 1.096401963144942589e+36 1.009203035737934755e+06 2.632194518728153412e+02
3.602405224892572733e+01 4.047945019326247069e+37 1.086961093444910208e+36 1.009197325572548900e+06 2.616492572056805557e+02
3.602407628766741254e+01 4.049497578628056121e+37 1.067383564459828943e+36 1.009246285325341625e+06 2.546662900550366260e+02
3.602408357342574163e+01 4.049507523104475019e+37 1.067253997310523237e+36 1.009246712129107094e+06 2.550183182244769853e+02
3.602409807208459824e+01 4.049494245687628772e+37 1.067391935277262443e+36 1.009246604067958193e+06 2.549288446922381013e+02
3.602411852960722172e+01 4.049494758117872019e+37 1.067356186831220846e+36 1.009246683141852962e+06 2.549948213589674708e+02
3.602414253166716662e+01 4.049491902965935085e+37 1.067355626350160854e+36 1.009246792560950038e+06 2.550864232311562319e+02
3.602417090331800864e+01 4.049488824531738573e+37 1.067351414290833274e+36 1.009246915413493407e+06 2.551898236805332942e+02
3.602420466532930732e+01 4.049485230151703807e+37 1.067345576871801904e+36 1.009247055157857016e+06 2.553081457514984436e+02
3.602424497689935379e+01 4.049480934791775963e+37 1.067338651444221117e+36 1.009247212637310731e+06 2.554423889668655079e+02
3.602429369116362068e+01 4.049475740753517284e+37 1.067330322581217183e+36 1.009247390571400989e+06 2.555952272601777224e+02
3.602435303401580313e+01 4.049469412517535230e+37 1.067320188144922436e+36 1.009247588861449854e+06 2.557670189270386913e+02
3.602442672081087949e+01 4.049461550210413427e+37 1.067307657783362234e+36 1.009247808251000941e+06 2.559589290716107257e+02
3.602452036031172611e+01 4.049451552290353467e+37 1.067291815045477156e+36 1.009248053126310580e+06 2.561754436993498416e+02
3.602462187860874110e+01 4.049440736146977584e+37 1.067274364828857439e+36 1.009248273864230490e+06 2.563728405454706376e+02
3.602472856593158212e+01 4.049429371856813425e+37 1.067255996111958279e+36 1.009248465783249470e+06 2.565462882187749187e+02
3.602484141072636703e+01 4.049417346289388901e+37 1.067236632700824549e+36 1.009248634942398290e+06 2.567006696335546394e+02
3.602495982867912971e+01 4.049404724144658573e+37 1.067216345916687844e+36 1.009248778669328196e+06 2.568331262841870739e+02
3.602508834679974825e+01 4.049391012709223095e+37 1.067194482239069954e+36 1.009248903708981234e+06 2.569495023120834958e+02
3.602522954352389206e+01 4.049375940171386421e+37 1.067170564116123205e+36 1.009249011218712432e+06 2.570506556733614616e+02
3.602538914079559618e+01 4.049358888877834715e+37 1.067143704648296129e+36 1.009249103888414451e+06 2.571389711311482529e+02
3.602557526934469934e+01 4.049338984995514375e+37 1.067112597866390644e+36 1.009249184222959680e+06 2.572167768571574697e+02
3.602579939026327338e+01 4.049314995943967955e+37 1.067075413071149091e+36 1.009249251037761220e+06 2.572831043578746062e+02
3.602609470072638942e+01 4.049283329974390567e+37 1.067027104906712555e+36 1.009249306185613968e+06 2.573402557963831327e+02
3.602653711442326312e+01 4.049235780408315532e+37 1.066956035870738943e+36 1.009249352160550654e+06 2.573920395612844914e+02
3.602733897341022384e+01 4.049149335449373436e+37 1.066830320672865235e+36 1.009249391843899270e+06 2.574454672866410192e+02
3.602893467279500328e+01 4.048976818222981617e+37 1.066586140859731408e+36 1.009249444462024025e+06 2.575275461271092468e+02
3.603211011457460700e+01 4.048629406244141964e+37 1.066149588889307600e+36 1.009249581102954107e+06 2.577220854343745486e+02
3.603842924371565459e+01 4.047887192462926610e+37 1.065888077341214008e+36 1.009249964577230741e+06 2.582222817456315624e+02
3.605100431070604827e+01 4.046074370673150115e+37 1.069421069048980700e+36 1.009250911645161803e+06 2.594371765511932040e+02
3.607602869401307544e+01 4.041491526577769040e+37 1.089642830515426319e+36 1.009252798319726833e+06 2.620354164010782938e+02
3.612582721679427777e+01 4.031714567169784505e+37 1.147069330446433337e+36 1.009255565421950072e+06 2.666556825676434528e+02
3.622424789499928011e+01 4.014885594683591490e+37 1.238896364658716144e+36 1.009258026199674932e+06 2.731014702306459299e+02
3.638866281708396855e+01 3.991787876763443287e+37 1.304758271686404400e+36 1.009258018493780051e+06 2.791943176647440055e+02
3.665049859118153108e+01 3.960352002232044869e+37 1.305101629240979174e+36 1.009253931482351967e+06 2.832805919517907114e+02
3.688664380365298712e+01 3.933683523426315253e+37 1.260772804980459985e+36 1.009248751096527907e+06 2.846917630531282839e+02
3.710546960804276750e+01 3.909757304227401431e+37 1.221466047346281850e+36 1.009243319041270879e+06 2.849422464562447885e+02
3.731224272897816263e+01 3.887962645445752396e+37 1.187838256765365030e+36 1.009237906164931017e+06 2.846024140745910813e+02
3.751640077690899489e+01 3.866124527079898371e+37 1.161824342274065994e+36 1.009232375588761759e+06 2.839010244311359088e+02
3.775823291966298711e+01 3.839621596242986905e+37 1.143872376364524982e+36 1.009225654784121667e+06 2.827226738033181164e+02
3.798809366461500758e+01 3.814492797936410363e+37 1.121861860461203552e+36 1.009219175490024732e+06 2.814105348457621858e+02
3.820232407334333402e+01 3.790944292867319104e+37 1.096238529188243660e+36 1.009213097073134733e+06 2.800987220303410368e+02
3.840964423564946628e+01 3.768642203763931995e+37 1.074610175764852678e+36 1.009207215083581861e+06 2.787694673117131856e+02
3.863114380141996662e+01 3.745116251005175679e+37 1.061565600581531314e+36 1.009200938371146913e+06 2.772778986620905357e+02
3.895077175791448099e+01 3.709410841313440863e+37 1.048687279374678320e+36 1.009191807477663038e+06 2.749570909790172095e+02
3.923595160105469404e+01 3.678226699388266538e+37 1.029527194674125835e+36 1.009183670573729207e+06 2.728529706370425174e+02
3.949961328859353671e+01 3.648991499139975041e+37 1.014688224624761338e+36 1.009176159956018324e+06 2.709458243157363313e+02
3.974261520493018907e+01 3.614723667032462842e+37 1.056951515227331967e+36 1.009232845647690701e+06 2.604729107223271285e+02
3.996861176875972888e+01 3.587526394693086739e+37 1.089917115546549641e+36 1.009231494502958609e+06 2.650428862716937601e+02
4.018536053081334103e+01 3.564529126319740470e+37 1.086574372687524743e+36 1.009227889428639784e+06 2.670306622632709832e+02
4.040846983152005123e+01 3.541922980645153801e+37 1.058876847837105454e+36 1.009222979346413282e+06 2.675955833078264163e+02
4.070251564621139551e+01 3.511902358691422707e+37 1.031175234635799726e+36 1.009215541583303479e+06 2.670235930498155881e+02
4.096863872547328356e+01 3.485199694561635671e+37 1.013769825364155805e+36 1.009208377731248736e+06 2.658844148704044414e+02
4.121514066788950004e+01 3.460347835691179522e+37 1.003672648491736391e+36 1.009201573624887387e+06 2.645732202781840101e+02
4.144527918288804358e+01 3.437629302187727655e+37 9.881763000019972149e+35 1.009195182136589778e+06 2.632351061409325439e+02
4.166771474148117704e+01 3.415483264435291261e+37 9.673413999132208537e+35 1.009188975462113624e+06 2.618896711663984433e+02
4.190149696915977984e+01 3.391578304149623223e+37 9.494372507785053256e+35 1.009182410986507661e+06 2.604048651660420433e+02
4.230575279561890056e+01 3.349970414862513474e+37 9.392057683379621887e+35 1.009170976185777457e+06 2.576170265744973449e+02
4.260198561150536989e+01 3.321246551371844897e+37 9.245818931541518728e+35 1.009162689543707762e+06 2.555769618387420792e+02
4.299721165212031337e+01 3.281102781478558059e+37 9.171337971432948162e+35 1.009151656659145607e+06 2.528185682533600414e+02
4.346589393285830738e+01 3.234952805529525647e+37 8.798892367622990098e+35 1.009138726062392816e+06 2.496641058725865037e+02
4.388304878709095647e+01 3.186747842478569069e+37 7.880066304734934315e+35 1.009190632569116657e+06 2.461050412795915747e+02
4.426020441488799406e+01 3.148907880764442635e+37 7.703050265379555189e+35 1.009185786075357813e+06 2.516557690868808379e+02
4.460187422848684946e+01 3.117705642720549332e+37 7.483028216809547418e+35 1.009178116960282205e+06 2.524040201689665253e+02
4.491325372257779236e+01 3.090123647716960068e+37 7.372419762919046353e+35 1.009170408411338576e+06 2.519852644228188865e+02
4.519916625396581367e+01 3.065169929246602314e+37 7.343669269089548373e+35 1.009163068137583439e+06 2.511042829421464546e+02
4.546410263176221633e+01 3.041190298664444603e+37 7.343703375992576640e+35 1.009156104120517848e+06 2.500240340725844703e+02
4.571353909476238186e+01 3.018130997314331226e+37 7.369353254191540874e+35 1.009149442941897432e+06 2.488546155304880187e+02
4.595772591477725655e+01 2.995822473860769585e+37 7.326386502480937354e+35 1.009142880651342450e+06 2.476161052384841241e+02
4.622257370363877271e+01 2.972498894125511417e+37 7.328623426321986774e+35 1.009135778738227906e+06 2.461770269496539356e+02
4.652280410617095185e+01 2.946084548605655242e+37 7.358031109570713598e+35 1.009127749576582108e+06 2.444369285088300501e+02
4.679903520547668450e+01 2.921604336554495591e+37 7.384602516431063131e+35 1.009120380283577717e+06 2.427735309786366997e+02
4.705734104905423010e+01 2.898064721810813764e+37 7.423243578381075525e+35 1.009113465666229604e+06 2.411791610632454024e+02
4.730731571464639273e+01 2.875381270858151363e+37 7.410712544418557944e+35 1.009106766312348074e+06 2.396241987311456967e+02
4.756680636283635977e+01 2.852537702855888904e+37 7.396309218690584840e+35 1.009099861496563884e+06 2.380191811669206459e+02
4.785773561459791381e+01 2.826908508158770603e+37 7.428197335895053028e+35 1.009092166396496701e+06 2.362144063971429375e+02
4.812693690159358084e+01 2.803067504909458242e+37 7.513910123997265077e+35 1.009085076177358627e+06 2.345326775968710820e+02
4.838291209555973182e+01 2.780105645570265393e+37 7.591054129619560254e+35 1.009078331157277222e+06 2.329167790272225602e+02
4.863839228377037216e+01 2.757475649023177144e+37 7.627386351770451633e+35 1.009071614929745439e+06 2.312871580781963985e+02
4.893155474847299047e+01 2.731936297007765949e+37 7.684206146052049640e+35 1.009063965937877423e+06 2.294427432168915857e+02
4.934067327897355426e+01 2.696313001866554654e+37 7.717801663022286098e+35 1.009053391518635792e+06 2.268903345131099627e+02
4.970491285305251949e+01 2.664411243544766290e+37 7.785355173984286339e+35 1.009044037338111550e+06 2.246584763002981049e+02
5.003826618915263680e+01 2.635473382610659919e+37 7.858035356177213960e+35 1.009035531713393051e+06 2.226477305364405481e+02
5.034384856228280114e+01 2.610035869825918110e+37 7.918341790605232204e+35 1.009027853459288599e+06 2.208631673755246823e+02
5.062644105115759885e+01 2.587000386913648265e+37 8.005729569598249058e+35 1.009020858784317272e+06 2.192499208022377672e+02
5.089520288334097131e+01 2.564825811783718404e+37 8.072105596602800516e+35 1.009014266854819609e+06 2.177376193750221205e+02
5.116158020756847691e+01 2.543157341916150784e+37 8.089755004807484259e+35 1.009007772217033547e+06 2.162324518532927300e+02
5.145663761600008002e+01 2.519588967459573059e+37 8.099511614228270332e+35 1.009000643312322092e+06 2.145567443600544948e+02
5.189429189777729334e+01 2.484428186326002582e+37 8.157230844840985483e+35 1.008990152533271816e+06 2.120760025224874141e+02
5.225364649968469166e+01 2.455947615859467257e+37 8.182780089933184144e+35 1.008981630682482268e+06 2.100871009347880829e+02
5.261113587381987600e+01 2.427527608090020737e+37 8.195670254950082273e+35 1.008973206131947343e+06 2.081299483395563925e+02
5.293710099708914640e+01 2.402592474584117351e+37 8.261461462218648856e+35 1.008965621843426721e+06 2.064164615507272345e+02
5.323717484761436936e+01 2.379403459316275325e+37 8.341545302441183792e+35 1.008958705719875987e+06 2.049069958340973017e+02
5.352084988670321763e+01 2.357941999821407832e+37 8.457272909780671886e+35 1.008952233123995713e+06 2.035377775292027138e+02
5.379825293135218089e+01 2.336816551318868543e+37 8.580698142342361038e+35 1.008945938170338399e+06 2.022289822955682723e+02
5.409382458720574505e+01 2.314518280106996613e+37 8.657129183989193295e+35 1.008939268642921001e+06 2.008422872798008996e+02
5.453021315621663234e+01 2.281813971984896041e+37 8.741834926727219637e+35 1.008929483063771157e+06 1.987397321916158717e+02
5.489035589518243796e+01 2.255384671740910821e+37 8.862673735160288357e+35 1.008921505400933209e+06 1.970624279456853287e+02
5.528443177377994289e+01 2.225509335710298671e+37 9.000173544096625401e+35 1.008912782272582059e+06 1.952774978487335602e+02
5.564117926641483791e+01 2.199187263183796242e+37 9.081520373860312826e+35 1.008904926968321553e+06 1.936968097427357804e+02
5.596721802375759580e+01 2.175857164234610092e+37 9.164892692375860653e+35 1.008897834538138704e+06 1.922687948498106891e+02
5.627160333008214366e+01 2.154180198519078438e+37 9.244826666252407823e+35 1.008891283782978426e+06 1.909526691916666152e+02
5.656372029441627092e+01 2.133403793930902539e+37 9.328570912927357481e+35 1.008885044325580937e+06 1.897115706965030313e+02
5.685985980543409823e+01 2.111823670648109659e+37 9.420577123140134823e+35 1.008878716320557403e+06 1.884648833985087037e+02
5.720843109004999860e+01 2.086428145567292573e+37 9.476457048856629374e+35 1.008871255631236709e+06 1.869893028457339597e+02
5.762012313571904087e+01 2.057323435999663603e+37 9.521759464812980987e+35 1.008862510967512499e+06 1.852202450709305026e+02
5.799278312691603787e+01 2.031677530626212011e+37 9.603241392649437824e+35 1.008854718449177919e+06 1.836708609618431183e+02
5.833271661986873369e+01 2.008309876370229454e+37 9.672503672265847277e+35 1.008847686127856257e+06 1.823108136677253412e+02
5.864914209150447277e+01 1.986339008163100551e+37 9.740509679673527311e+35 1.008841167280325550e+06 1.810737406225856887e+02
5.895205763042758917e+01 1.965363230832942870e+37 9.800888491799082266e+35 1.008834939822904416e+06 1.798853435546586752e+02
5.925794750930435839e+01 1.944881728658904123e+37 9.829055889129325396e+35 1.008828708033858682e+06 1.786646902093469578e+02
5.961340273801761214e+01 1.921674634037207397e+37 9.872253008917724794e+35 1.008821565951452125e+06 1.772484333880719021e+02
5.997510336860068492e+01 1.898336097872822516e+37 9.924573947948343478e+35 1.008814392670104629e+06 1.758414416137387661e+02
6.030804485852058860e+01 1.876884311136657927e+37 9.974615324815283650e+35 1.008807851328874356e+06 1.745856542155547118e+02
6.062224904435424833e+01 1.856416723329318143e+37 1.002522365901748651e+36 1.008801699429869768e+06 1.734247046089334958e+02
6.093167145417828579e+01 1.836559049567068388e+37 1.008857426138103740e+36 1.008795665795311681e+06 1.723063030696379485e+02
6.126616518330411054e+01 1.815463185843667893e+37 1.009772449307847613e+36 1.008789193540458684e+06 1.710709853118112278e+02
6.164098472334080725e+01 1.792208718049681148e+37 1.011544029363494476e+36 1.008782008389348513e+06 1.696756267992200264e+02
6.198504232562117977e+01 1.771278006470270633e+37 1.013604954429772513e+36 1.008775494520048145e+06 1.684188457473079552e+02
6.230860108072374715e+01 1.751497606862058418e+37 1.014824866097950547e+36 1.008769414223556640e+06 1.672668216830657570e+02
6.262490635592621402e+01 1.731942522304081791e+37 1.016361805334733010e+36 1.008763478154130979e+06 1.661574658072795785e+02
6.296033631712634815e+01 1.711358175148161310e+37 1.017427937344885217e+36 1.008757204883871949e+06 1.649745295628569011e+02
6.336662357345630880e+01 1.687048915558015819e+37 1.017154133363056312e+36 1.008749668911350425e+06 1.635069896984678053e+02
6.373624299169387086e+01 1.665894513586946766e+37 1.018303659528186758e+36 1.008742928157101618e+06 1.622077225508562037e+02
6.407951047917958931e+01 1.646529908218586314e+37 1.018863961422452554e+36 1.008736766621507704e+06 1.610411517544299329e+02
6.440711171834482229e+01 1.628044477429416140e+37 1.018323164219062484e+36 1.008730940967001836e+06 1.599538290759707877e+02
6.473676663393416675e+01 1.609641978714833980e+37 1.018985642631562070e+36 1.008725124915160122e+06 1.588594633136349898e+02
6.511287440187152242e+01 1.588356193285057283e+37 1.017282693114485092e+36 1.008718495471008820e+06 1.575722230035293876e+02
6.556458144135831390e+01 1.562636664316926466e+37 1.016419299092124604e+36 1.008710542458447395e+06 1.560386860285168211e+02
6.597311217943570227e+01 1.540299778687830243e+37 1.017185855614469141e+36 1.008703455616522464e+06 1.547520761928657009e+02
6.634680020746236551e+01 1.520972066398731108e+37 1.018138555965008726e+36 1.008697112650782219e+06 1.536280867543785575e+02
6.669661464012460783e+01 1.503020964743094296e+37 1.019180620617332548e+36 1.008691253013570677e+06 1.526040192098541297e+02
6.703617810714422376e+01 1.485801151250362477e+37 1.019861728436644055e+36 1.008685632725318777e+06 1.516125551927965489e+02
6.738900362792992382e+01 1.468082123158500726e+37 1.019773738020946419e+36 1.008679846213475568e+06 1.505581088567865891e+02
6.783859419247528422e+01 1.445498886527081860e+37 1.021856649314477177e+36 1.008672517135766451e+06 1.491934892729467208e+02
6.827474668187278439e+01 1.423617955493123305e+37 1.026123644291830049e+36 1.008665438078566687e+06 1.479163398606331725e+02
6.867315814169705845e+01 1.403752218640248400e+37 1.028103917649310547e+36 1.008659015520891524e+06 1.468026844967943987e+02
6.904369060562748928e+01 1.385871378833469672e+37 1.030819064661767209e+36 1.008653104574145051e+06 1.457977752851846276e+02
6.939947295385718462e+01 1.368895380596769916e+37 1.032144585397874620e+36 1.008647492552556098e+06 1.448427453436173948e+02
6.976058589894091710e+01 1.351847640917110024e+37 1.029717018308390828e+36 1.008641840890890104e+06 1.438601054713169844e+02
7.018559924627334112e+01 1.332038121353435682e+37 1.026655437089144065e+36 1.008635247636985150e+06 1.426898380401170243e+02
7.064084613494560472e+01 1.310938306333352278e+37 1.027596733282725751e+36 1.008628230695991660e+06 1.414419327224173344e+02
7.105660220023855800e+01 1.291843265392540179e+37 1.031089211701543811e+36 1.008621868942513247e+06 1.403564888589922361e+02
7.144388793433245155e+01 1.274307658494060126e+37 1.034820643795117346e+36 1.008615981719406671e+06 1.393572657610363592e+02
7.181638438009758829e+01 1.257661916654069831e+37 1.038324456759559039e+36 1.008610368844370241e+06 1.384121898360231455e+02
7.219533732260242687e+01 1.241018146241307972e+37 1.038473017797476046e+36 1.008604703854093328e+06 1.374391760389935087e+02
7.264101349793418194e+01 1.221804650733024512e+37 1.036318198050389923e+36 1.008598111306328676e+06 1.362894756297895356e+02
7.313186066350317560e+01 1.200778803654868154e+37 1.033603513042962426e+36 1.008590910903909011e+06 1.350458526237079582e+02
7.357954360748408362e+01 1.181591130948276295e+37 1.032915286644393707e+36 1.008584380279382807e+06 1.339766330477507381e+02
7.399426292141652084e+01 1.163801417484200299e+37 1.035938477001077319e+36 1.008578343926028465e+06 1.330268172262186965e+02
7.439067409097333439e+01 1.146821679582612337e+37 1.038704427461215817e+36 1.008572593573043938e+06 1.321340829052087997e+02
7.478664689471406746e+01 1.130146382614323492e+37 1.039484405653740336e+36 1.008566869820359745e+06 1.312135809248300404e+02
7.522781889031466562e+01 1.111542917567939963e+37 1.041583845048189283e+36 1.008560501757157966e+06 1.301838718752368322e+02
7.577418039111580583e+01 1.086733067835551162e+37 1.088499182957222429e+36 1.008592033203282976e+06 1.197118046903444650e+02
7.627162497096651350e+01 1.066746397993865791e+37 1.092281495100910692e+36 1.008586117517623352e+06 1.205137610093388645e+02
7.673110155757603934e+01 1.049260155863730867e+37 1.084266701680336155e+36 1.008580073593410780e+06 1.203803454871118248e+02
7.716393235198484035e+01 1.033154672793151004e+37 1.072968218908551432e+36 1.008574165274500148e+06 1.198721811269929987e+02
7.758667448971027625e+01 1.017399832553297455e+37 1.064316748199286562e+36 1.008568265950553119e+06 1.191376916086841362e+02
7.802849185548984678e+01 1.000653226604776621e+37 1.055490739209355952e+36 1.008562022271602647e+06 1.182512768760112181e+02
7.858776341608245275e+01 9.790302206598095681e+36 1.045322800279823185e+36 1.008553986614440451e+06 1.170269683268957692e+02
7.916818495405823342e+01 9.567739815282746635e+36 1.037178617834822694e+36 1.008545583226524410e+06 1.156836326297796660e+02
7.970029687174974242e+01 9.369527343687548460e+36 1.031350452450557222e+36 1.008537927281872137e+06 1.144629102056786962e+02
8.019539138793334132e+01 9.190671071583051692e+36 1.025144866350640388e+36 1.008530877565711853e+06 1.133364669374130500e+02
8.066688161798447254e+01 9.022830443072550469e+36 1.019466153104749787e+36 1.008524225975061185e+06 1.122642305688826241e+02
8.113371035918316920e+01 8.857906973518904045e+36 1.013556749391577887e+36 1.008517681476881611e+06 1.111824250795707769e+02
8.163305549017240992e+01 8.680888549444932156e+36 1.005746095527362558e+36 1.008510686855390202e+06 1.099957169058076829e+02
8.232605577763388283e+01 8.433421352469414735e+36 9.921476466765181119e+35 1.008500957491399255e+06 1.083470608495669012e+02
8.310320796664018417e+01 8.157695308249007600e+36 9.798787180913530743e+35 1.008490047284289030e+06 1.066023323586406946e+02
8.399262673207704211e+01 7.851695236386103927e+36 9.711598414468399634e+35 1.008477689060997567e+06 1.047602324967295715e+02
8.480657765011710580e+01 7.561475702058921405e+36 9.556482192016408469e+35 1.008504736713824910e+06 1.214507211297751894e+02
8.555833047559281113e+01 7.317349988389089683e+36 9.469320742223706588e+35 1.008495742798739695e+06 1.230982996947885226e+02
8.625654306667274795e+01 7.101714241801376659e+36 9.376604159597427835e+35 1.008486560828251881e+06 1.228130766210687881e+02
8.691206457295629662e+01 6.905412769742791589e+36 9.263869164373493290e+35 1.008477740876156022e+06 1.219873099416507074e+02
8.753633040831118706e+01 6.719405235251323666e+36 9.132466944047379021e+35 1.008469255738828331e+06 1.209519778474174814e+02
8.814634958839451429e+01 6.537962318900107631e+36 8.986988572766483260e+35 1.008460924181821174e+06 1.198076018863763466e+02
8.877136145687836688e+01 6.355960943529567306e+36 8.861880647476296747e+35 1.008452406886439421e+06 1.185449360699604426e+02
8.948699024158122484e+01 6.150766139555228051e+36 8.713632427068806887e+35 1.008442676408795523e+06 1.169864897561054136e+02
9.083167094087912119e+01 5.774210948093535254e+36 8.403012364025508923e+35 1.008424538248838508e+06 1.140062240670670946e+02
9.196498216386316926e+01 5.471927085912210788e+36 8.142744830926874476e+35 1.008409501636133646e+06 1.115736099767176626e+02
9.335864459464210086e+01 5.117403649589622771e+36 7.752659382681524359e+35 1.008391435080772964e+06 1.086507317830370880e+02
9.470540242795686936e+01 4.794691384466733565e+36 7.328493018610025202e+35 1.008374428167062695e+06 1.058458298260038077e+02
9.602142725646262988e+01 4.497612286234382652e+36 6.856355838803239770e+35 1.008358273253986263e+06 1.031162102931303366e+02
9.732073604109609732e+01 4.222388717629859937e+36 6.386576035810344251e+35 1.008342782791090081e+06 1.003952976951218119e+02
9.862651572946924716e+01 3.963823992317874637e+36 5.925699389893408433e+35 1.008327689618656063e+06 9.765427735855452340e+01
9.994624207886954537e+01 3.724249461799862667e+36 5.444657228350957015e+35 1.008313124226860236e+06 9.505707787973619816e+01
1.013172518141800538e+02 3.495596952254182516e+36 4.958920387644935804e+35 1.008298640663419617e+06 9.237378923516038753e+01
1.027636503163848829e+02 3.243731173179686318e+36 4.564169840572882476e+35 1.008264868165610940e+06 6.919138052064417366e+01
1.043453754426700471e+02 3.075209210289595447e+36 4.116508276157757946e+35 1.008229783075926476e+06 5.865225799307748389e+01
1.061996093026718881e+02 2.750233535979124882e+36 3.049492937978834502e+35 1.008248661505383323e+06 8.996042458663259822e+01
1.093551436715351883e+02 2.530872546736878587e+36 2.195936708160478202e+35 1.008242910970937461e+06 9.938973749411499625e+01
1.121142445002078603e+02 2.531152779134310038e+36 0.000000000000000000e+00 1.008249313434510026e+06 0.000000000000000000e+00
