# kepler_a028_mean.txt
# 
# Mean burst simulation for model a028
# See the reference paper Lampe, Galloway & Heger (in prep.)
# for further information on model preartion and analysis
# Errors reported are 1 sigma std-dev of stacked models
# Models created by Alexander Heger <heger@monash.edu>
# Analysis done by Nathanael Lampe <lampe@clermont.in2p3.fr>
# Accretion Rate (x10^-9 M_sun yr^-1): 1.435000
# Accretion luminosity (l/L_Edd): 0.082000
# H fraction: 70.480000
# Z fraction: 2.000000
# time (s), luminosity (1e37 ergs/s), u(luminosity), radius (km), u(radius)
-2.004567451597540639e+01 4.713510124787272179e+35 1.166565548611065228e+34 7.697678865214434918e+05 3.693399879807981779e+05
-1.933742596644151490e+01 4.771183502661687394e+35 1.194437683856157879e+34 7.697680683948162477e+05 3.693396486140714842e+05
-1.792801135286572389e+01 4.895494703949463417e+35 1.211450587439670217e+34 7.697682846017433330e+05 3.693388793471836834e+05
-1.512327627184276935e+01 5.189077570372525532e+35 1.240409801967951869e+34 7.697675105955477338e+05 3.693365721645725425e+05
-1.482351654946978670e+01 5.227157242037527279e+35 1.258836682929800669e+34 7.697674394458991010e+05 3.693363330619247281e+05
-1.422699470195220783e+01 5.312865363334868793e+35 1.316117637261246929e+34 7.697676637689585332e+05 3.693360933511675685e+05
-1.303991622540343087e+01 5.512449253069541209e+35 1.448094351597286342e+34 7.697678617739615729e+05 3.693354566344920895e+05
-1.127125306111702230e+01 5.903189179158801647e+35 1.595676564612029713e+34 7.697787995241183089e+05 3.693413711469455739e+05
-1.031780913930560928e+01 6.197464460382305455e+35 1.843527355200878342e+34 7.697807187080638250e+05 3.693419957765599829e+05
-9.690103108223411255e+00 6.445422670214758724e+35 2.058830357433989703e+34 7.697821683308613719e+05 3.693425276241591200e+05
-9.235982985584996641e+00 6.664750513179367136e+35 2.283166265217195723e+34 7.697834048469885020e+05 3.693430340083381743e+05
-8.886086227343184873e+00 6.866631452884846631e+35 2.511209676879452025e+34 7.697844404656135011e+05 3.693434781284983037e+05
-8.600305048297741450e+00 7.063663702645238338e+35 2.763910012536922342e+34 7.697828124594972469e+05 3.693422464159415103e+05
-8.340180453189532273e+00 7.275941059082791760e+35 3.081291468608995122e+34 7.697834195866355440e+05 3.693424729876006604e+05
-8.320473555024364032e+00 7.293249123916289675e+35 3.103129019601311592e+34 7.697828369879348902e+05 3.693420849294365617e+05
-8.281256827656761743e+00 7.329332609442098516e+35 3.158955269379216121e+34 7.697824404647860210e+05 3.693418045579610625e+05
-8.213980561486096121e+00 7.393410725873282525e+35 3.258869351794049883e+34 7.697912821957820561e+05 3.693474635215552407e+05
-8.200592584515106864e+00 7.406647162546337309e+35 3.281544671782995664e+34 7.697913843288428616e+05 3.693475209531433065e+05
-8.173950510346912779e+00 7.433443633276407563e+35 3.327942578803104558e+34 7.697913930727181723e+05 3.693475098059929442e+05
-8.120932782752788626e+00 7.488181608902279368e+35 3.422128144349614541e+34 7.697973861331535736e+05 3.693513400370486779e+05
-8.016691480152076110e+00 7.604669329734673250e+35 3.631296355782562957e+34 7.697996258399924263e+05 3.693527189062573016e+05
-7.939669509054510854e+00 7.700068801630256884e+35 3.822004690954518560e+34 7.697977778191954130e+05 3.693514794265282108e+05
-7.872481349055306055e+00 7.777755296215005661e+35 4.002767351690238269e+34 7.697963534622584702e+05 3.693505200690157362e+05
-7.819973864388884977e+00 7.859483422584289334e+35 4.152114830988624730e+34 7.697965250236559659e+05 3.693505989552728133e+05
-7.773338261526077986e+00 7.910755694188418794e+35 4.164203566404024603e+34 7.698058274047980085e+05 3.693565683087224024e+05
-7.741543067299062386e+00 8.002655625936829067e+35 4.546495663400677264e+34 7.698060682668393711e+05 3.693567046055290266e+05
-7.717738568113418296e+00 8.103269689034657492e+35 5.289731724289723885e+34 7.698058568315077573e+05 3.693565541723776259e+05
-7.698074831539997831e+00 8.235843486902267402e+35 7.219454737781320100e+34 7.698054110787705285e+05 3.693562552414734964e+05
-7.681879892523284070e+00 8.493354200542028499e+35 1.214677034737254072e+35 7.698044652123205597e+05 3.693556360638740589e+05
-7.667311986180720851e+00 8.793756061642840207e+35 1.923400704259380906e+35 7.698107926672319882e+05 3.693597070526412572e+05
-7.652665813802741468e+00 9.166776642130857209e+35 2.845322791924694990e+35 7.698088093569638440e+05 3.693584198252230999e+05
-7.634319718548795208e+00 9.682388567314389607e+35 3.881481751690217605e+35 7.698084973522067303e+05 3.693582082348660915e+05
-7.603344438990461640e+00 1.126576760801055532e+36 6.667659682618119732e+35 7.698179687073252862e+05 3.693642972855129046e+05
-7.577205356108606793e+00 1.266168644038506343e+36 9.060886605656630041e+35 7.698188224162301049e+05 3.693648331660200492e+05
-7.556227337408927269e+00 1.381924312853152132e+36 1.053377959171795655e+36 7.698195681086812401e+05 3.693653023987133056e+05
-7.543140556401340291e+00 1.473726810314370242e+36 1.175460718302526006e+36 7.698199222254928900e+05 3.693655235266384552e+05
-7.524057521251961589e+00 1.601634647141051547e+36 1.327209259587985643e+36 7.698205937551731477e+05 3.693659461055550491e+05
-7.506262431124923751e+00 1.716735884919413273e+36 1.436438806969168136e+36 7.698211818283338798e+05 3.693663156687425217e+05
-7.485617171478224918e+00 1.927372687572308179e+36 1.663151190019559048e+36 7.698219526525624096e+05 3.693668016389220138e+05
-7.467456406855490059e+00 2.098783748598430353e+36 1.773943128250757595e+36 7.698224689243157627e+05 3.693671249239991885e+05
-7.450231992173939943e+00 2.351050453366131958e+36 1.919535083801132623e+36 7.698254043466947041e+05 3.693690078791659325e+05
-7.431853971662349068e+00 2.649871077192243369e+36 2.143582916307683646e+36 7.698316888011923293e+05 3.693730496960255550e+05
-7.416680223934235983e+00 2.935123107983394887e+36 2.346593608989632902e+36 7.698329263828928815e+05 3.693738399176702369e+05
-7.402206124388612807e+00 3.159446818328566861e+36 2.478424432508300443e+36 7.698336373086984968e+05 3.693742910138233565e+05
-7.387125293564167805e+00 3.372948804936367458e+36 2.548734829781361939e+36 7.698345732519190060e+05 3.693748869622532511e+05
-7.372244523328845389e+00 3.612028015714392927e+36 2.614725621790966636e+36 7.698355573766273446e+05 3.693755141619005008e+05
-7.356187696786946617e+00 3.897045988532594097e+36 2.705930582834950735e+36 7.698365866294674342e+05 3.693761700088027283e+05
-7.340004723024321720e+00 4.260419035886400408e+36 2.902571344269508826e+36 7.698376301879194798e+05 3.693768351817830699e+05
-7.323860778429661877e+00 4.660222840925207543e+36 2.987613594159066814e+36 7.698478023988152854e+05 3.693833851287803263e+05
-7.307416842828388326e+00 4.916533068651755141e+36 3.067083250546700623e+36 7.698497368072611280e+05 3.693846246184639167e+05
-7.290477161572198384e+00 5.192657856307106961e+36 3.116025332316874094e+36 7.698516478372862330e+05 3.693858489564789925e+05
-7.272916699759662151e+00 5.523887114970873304e+36 3.176135878115496810e+36 7.698535313407524955e+05 3.693870554259914206e+05
-7.256064522807719186e+00 5.884035538947081556e+36 3.228500836230428405e+36 7.698552861887497129e+05 3.693881795144535135e+05
-7.239518152127857320e+00 6.228134113466231418e+36 3.333791114843993535e+36 7.698570462411738699e+05 3.693893073142092326e+05
-7.222172796246013604e+00 6.557209354262628745e+36 3.486246414605875248e+36 7.698590773037184263e+05 3.693906097399833379e+05
-7.201667304936563596e+00 7.066363322459837458e+36 3.630483799906065211e+36 7.698615297753006453e+05 3.693921829956404399e+05
-7.184821739254402928e+00 7.475181112746692141e+36 3.643978767007345777e+36 7.698634945266678696e+05 3.693934435739646433e+05
-7.168924442114075646e+00 7.779059394789664018e+36 3.803249498820084696e+36 7.698653963944650022e+05 3.693946642835908569e+05
-7.153122084229835309e+00 8.116220567479409225e+36 3.958597473789552982e+36 7.698674324900282081e+05 3.693959718831533683e+05
-7.137688545015407726e+00 8.435797250398659993e+36 4.108366469776388773e+36 7.698695762100918218e+05 3.693973492813548073e+05
-7.122506843268638477e+00 8.758931666050764266e+36 4.260533956446641349e+36 7.698804636468711542e+05 3.694043618872331572e+05
-7.102864261585636996e+00 9.218605889564898349e+36 4.461528488381097521e+36 7.698844682829926023e+05 3.694069381580149056e+05
-7.083764052149490453e+00 9.684298762713407819e+36 4.665504277373807020e+36 7.698883348897608230e+05 3.694094261485909810e+05
-7.064877462049480528e+00 1.016741689939094593e+37 4.871939350627036083e+36 7.698920687542001251e+05 3.694118292168211774e+05
-7.046289593796245754e+00 1.064005625129474460e+37 5.084118653290735458e+36 7.699052622021061834e+05 3.694203288185562706e+05
-7.027942223649006337e+00 1.114577688149970294e+37 5.281352844209270978e+36 7.699105139286636841e+05 3.694237112280214205e+05
-7.009938713890733197e+00 1.177642830167337079e+37 5.425888991377713894e+36 7.699156559356298530e+05 3.694270236131978454e+05
-6.994230030642938800e+00 1.218948148457166298e+37 5.629257298271089519e+36 7.699199906373249833e+05 3.694298163721769815e+05
-6.977984264754923061e+00 1.264810706773523661e+37 5.832770521845598857e+36 7.699245609957718989e+05 3.694327614822511678e+05
-6.963736726771458052e+00 1.305671702303082012e+37 6.013700247074787031e+36 7.699284186313739046e+05 3.694352478136068676e+05
-6.950654996719094925e+00 1.344101932847897619e+37 6.181332153055694701e+36 7.699318511183930095e+05 3.694374605840930017e+05
-6.938322179819806479e+00 1.380697567851473362e+37 6.335416507924915976e+36 7.699349439756084466e+05 3.694394548602153664e+05
-6.926880807819543406e+00 1.415647031388661060e+37 6.476265975236369839e+36 7.699378274526636815e+05 3.694413144950222340e+05
-6.915587480965768918e+00 1.450331490710679534e+37 6.615989840037152109e+36 7.699406741296289256e+05 3.694431507568171364e+05
-6.904611679288791493e+00 1.486281429586855644e+37 6.736681101177218685e+36 7.699434460864925059e+05 3.694449391867378727e+05
-6.893806413034326397e+00 1.522066243205820704e+37 6.857595011760686876e+36 7.699523755999413552e+05 3.694506938948824536e+05
-6.883046952149015851e+00 1.556058047638417672e+37 6.983406804160424567e+36 7.699595660912608728e+05 3.694553292451553280e+05
-6.872203153470763937e+00 1.591004684648572671e+37 7.102325555724018611e+36 7.699635895553542068e+05 3.694579244907071115e+05
-6.861109731195028871e+00 1.627065365647391430e+37 7.226080096967463511e+36 7.699675073487984482e+05 3.694604519598328043e+05
-6.849590605343109928e+00 1.665502444165979961e+37 7.355211501000081194e+36 7.699714385747940978e+05 3.694629885476454510e+05
-6.837680087119224481e+00 1.705947980465074460e+37 7.488178830584806738e+36 7.699799379530865699e+05 3.694684672970789834e+05
-6.826509406004333869e+00 1.744640654481611906e+37 7.597782435364307441e+36 7.699875931293258909e+05 3.694734029894875712e+05
-6.815714271448086947e+00 1.783339460553889848e+37 7.709805345429768609e+36 7.699907640374857001e+05 3.694754503995648702e+05
-6.805172621301608160e+00 1.822690756938612829e+37 7.835421676445054045e+36 7.700005123521916103e+05 3.694817333643219899e+05
-6.795032676614937373e+00 1.861338526351812596e+37 7.971458964722941624e+36 7.700057392583850306e+05 3.694851053785294644e+05
-6.785031552528380416e+00 1.898095706238788865e+37 8.085915903644760874e+36 7.700175940632524434e+05 3.694927455485620885e+05
-6.775149302702629939e+00 1.934061227899841273e+37 8.190506420617385312e+36 7.700207833581224550e+05 3.694948052683622809e+05
-6.765156422043219209e+00 1.970920561614832006e+37 8.301307644814185311e+36 7.700324133954911958e+05 3.695022998574869707e+05
-6.755160753615200520e+00 2.009906201960500093e+37 8.437232645536944949e+36 7.700363348550363444e+05 3.695048311787765706e+05
-6.745041351750842296e+00 2.048526713501939095e+37 8.559020077488814957e+36 7.700399193299151957e+05 3.695071456784089096e+05
-6.734741854685125872e+00 2.088631124027849647e+37 8.687973031799332727e+36 7.700493828338613966e+05 3.695132449047534610e+05
-6.724147933258791454e+00 2.130855483702937860e+37 8.837117557581940208e+36 7.700567058113616658e+05 3.695179670767959906e+05
-6.713141383705078624e+00 2.176277081407378124e+37 9.024713881883297274e+36 7.700607475246150279e+05 3.695205770089194993e+05
-6.701746135877328925e+00 2.225185169841768926e+37 9.253443191380886461e+36 7.700648717760484433e+05 3.695232406495232135e+05
-6.690389364724978805e+00 2.268224294221048043e+37 9.314506167423647953e+36 7.700689046589859063e+05 3.695258457633861690e+05
-6.679028677899623290e+00 2.317147202703787012e+37 9.447885725686012136e+36 7.700728933099536225e+05 3.695284227082961006e+05
-6.667862290414632298e+00 2.361343955898663563e+37 9.606412447894773634e+36 7.700768217153016012e+05 3.695309610039757099e+05
-6.656883877687505446e+00 2.405522164730822564e+37 9.789391257621529666e+36 7.700807122081379639e+05 3.695334749902003095e+05
-6.646044232329586521e+00 2.448844959633063124e+37 9.956601000204247061e+36 7.700882144697558833e+05 3.695383134018896380e+05
-6.635427327273646370e+00 2.490264708420850648e+37 1.011514406902109846e+37 7.700977715018999297e+05 3.695444748150666128e+05
-6.625042569066863507e+00 2.533363770107188917e+37 1.028322460551247660e+37 7.701019436512176180e+05 3.695471698462295462e+05
-6.614817792797111906e+00 2.580396651116583611e+37 1.043805527256594424e+37 7.701149828285921831e+05 3.695555720064255293e+05
-6.604738388865371235e+00 2.623792880728244188e+37 1.059076379184185993e+37 7.701198729540166678e+05 3.695587288799858652e+05
-6.594617160459165461e+00 2.668727922368187627e+37 1.075613092685107355e+37 7.701245270608933643e+05 3.695617339490574668e+05
-6.584639267806778662e+00 2.712341678256625585e+37 1.093053093735450208e+37 7.701286293714868370e+05 3.695643838270637789e+05
-6.574444239187869243e+00 2.758441105071282064e+37 1.109969775470175317e+37 7.701324033672913210e+05 3.695668227045546519e+05
-6.564159383255173452e+00 2.806148235728057875e+37 1.128097840062281942e+37 7.701357783991536126e+05 3.695690050963395624e+05
-6.553869959563598968e+00 2.858528546720181855e+37 1.147278980339197321e+37 7.701388425775110954e+05 3.695709875777946436e+05
-6.543313706730259582e+00 2.908840013267043553e+37 1.165622192243102536e+37 7.701417135533250403e+05 3.695728462573896977e+05
-6.532453283056383952e+00 2.960326141381145188e+37 1.183361398122174810e+37 7.701443522491822951e+05 3.695745560214550351e+05
-6.521080173828522675e+00 3.025819449359852927e+37 1.198004374196642296e+37 7.701474614189378917e+05 3.695765693185305572e+05
-6.509122602292336524e+00 3.101854645185376611e+37 1.204218956803749584e+37 7.701510779908875702e+05 3.695789099134306307e+05
-6.497012129868380725e+00 3.169258774488494624e+37 1.216844003570714655e+37 7.701559420675450237e+05 3.695820534751669038e+05
-6.484781594452215359e+00 3.239395320509521894e+37 1.234925519834804279e+37 7.701608005361113464e+05 3.695851936863612500e+05
-6.472343069239286706e+00 3.312851040473188178e+37 1.252251907454065674e+37 7.701657142186622368e+05 3.695883698319860850e+05
-6.459593909676186740e+00 3.384834848321785705e+37 1.270425062756226029e+37 7.701707460331984330e+05 3.695916224757367163e+05
-6.446411165423342027e+00 3.457165076301558018e+37 1.290303858697093504e+37 7.701759419501830125e+05 3.695949814002623898e+05
-6.433191748277749866e+00 3.528964084557663891e+37 1.310161589193006519e+37 7.701811111340774223e+05 3.695983232840836863e+05
-6.420123079777113162e+00 3.614408165507154444e+37 1.324482021408547138e+37 7.702019878733922960e+05 3.696117691864256631e+05
-6.407161501905648038e+00 3.682178617732623249e+37 1.345172571164861854e+37 7.702107115709710633e+05 3.696173970870618941e+05
-6.394164953060681000e+00 3.758061957060296463e+37 1.362129213395381513e+37 7.702168674789976794e+05 3.696213729878354352e+05
-6.381103753548813984e+00 3.834883806599425875e+37 1.378506455084589928e+37 7.702227585900146514e+05 3.696251786794664222e+05
-6.367887528947903775e+00 3.910763967179153655e+37 1.396401211895279085e+37 7.702284218983741011e+05 3.696288380262829596e+05
-6.354433524451451376e+00 3.988757311808415480e+37 1.415149458348963860e+37 7.702339932858191896e+05 3.696324386233949335e+05
-6.340763027823413722e+00 4.070300838246101797e+37 1.433061537010425127e+37 7.702394302016381407e+05 3.696359530550203053e+05
-6.326888067356776446e+00 4.152529615242108771e+37 1.451272843836525315e+37 7.702448860023156740e+05 3.696394799239694839e+05
-6.312502003187546507e+00 4.237036217964260903e+37 1.470273617820496799e+37 7.702504451463875594e+05 3.696430740311017726e+05
-6.298656241910066456e+00 4.320459436513266231e+37 1.486805950500481468e+37 7.702556447283675661e+05 3.696464361941794050e+05
-6.285073846840532497e+00 4.407174036870372349e+37 1.497414071182831916e+37 7.702607064384283731e+05 3.696497094396041357e+05
-6.271967694701743312e+00 4.486519421954663341e+37 1.511931480120846718e+37 7.702654579213828547e+05 3.696527825544410152e+05
-6.257306589890504256e+00 4.578679829331267992e+37 1.526327250463262160e+37 7.702705770238997648e+05 3.696560943409227766e+05
-6.241148910266929306e+00 4.674230000583517002e+37 1.545437507466983239e+37 7.702763068342494080e+05 3.696598009892273694e+05
-6.222757896903203800e+00 4.791525933471433350e+37 1.561337606594035730e+37 7.702866086596009554e+05 3.696664497740672086e+05
-6.204444503033300862e+00 4.899943402074635394e+37 1.581115086705924436e+37 7.702994476559107425e+05 3.696747299007790280e+05
-6.186101529703591950e+00 5.018150514904048263e+37 1.587935467319014065e+37 7.703159201461775228e+05 3.696853458555336110e+05
-6.167752530687721446e+00 5.131353904627768585e+37 1.600171609323778544e+37 7.703284758413501550e+05 3.696934420229518437e+05
-6.149347969505470246e+00 5.243587599838345716e+37 1.614924032957313136e+37 7.703403926552686607e+05 3.697011280951568624e+05
-6.130913215136388317e+00 5.355749178009828664e+37 1.628313780523311395e+37 7.703478195476650726e+05 3.697059280502651818e+05
-6.112428483524126932e+00 5.467943116440367946e+37 1.640241461231592495e+37 7.703546451126411557e+05 3.697103416280575329e+05
-6.093915359902894124e+00 5.579954594745641759e+37 1.650384022723564239e+37 7.703610442187751178e+05 3.697144812284454238e+05
-6.075386296404758468e+00 5.691703428961047354e+37 1.658756205948935460e+37 7.703670661528256023e+05 3.697183786237004679e+05
-6.056803132902132347e+00 5.803189008632920471e+37 1.665155430834113480e+37 7.703725780259802705e+05 3.697219484447626746e+05
-6.038183055090485141e+00 5.914408767329686227e+37 1.669828568032162778e+37 7.703811852890186710e+05 3.697275070954981493e+05
-6.019486956443870440e+00 6.025064119854007227e+37 1.672469909533551279e+37 7.703933729240084067e+05 3.697353667087860522e+05
-6.000734592584194615e+00 6.135283292685802195e+37 1.673583572688917767e+37 7.703997582005844451e+05 3.697394981499966816e+05
-5.981885838555172086e+00 6.244998781808910548e+37 1.672893947721017636e+37 7.704059896364954766e+05 3.697435310196427745e+05
-5.962962387915467843e+00 6.354124891784576929e+37 1.669887291388848060e+37 7.704120579636092298e+05 3.697474593095862074e+05
-5.943922886392101645e+00 6.463323244892871336e+37 1.664265277719339736e+37 7.704216205157961231e+05 3.697536329569952795e+05
-5.924790406294050626e+00 6.583338392025223093e+37 1.631235121808712779e+37 7.704366323290019063e+05 3.697633095868584933e+05
-5.905522114320774563e+00 6.732729902783090329e+37 1.539586617655500479e+37 7.704466575266449945e+05 3.697697872353315470e+05
-5.886141988390590996e+00 6.988516807002457493e+37 1.370899617831897349e+37 7.704570173063322436e+05 3.697764843927042093e+05
-5.866605432529468089e+00 7.142372349947308826e+37 1.368427849222779682e+37 7.704679611760878470e+05 3.697835559274981497e+05
-5.846936897738487460e+00 7.442952931722142499e+37 8.077920194235707995e+36 7.704749243597846944e+05 3.697880697753760032e+05
-5.827089680169592611e+00 7.677266909806941927e+37 6.487523948581456372e+36 7.704836369223075453e+05 3.697937061814456247e+05
-5.807088270259555429e+00 7.840178745446327351e+37 7.575146994232624048e+36 7.705048706496442901e+05 3.698073818722789292e+05
-5.786883440770907328e+00 7.913814730315878292e+37 7.828162027355697112e+36 7.705256799653058406e+05 3.698207846943164477e+05
-5.766499239049153402e+00 7.929372737791238036e+37 7.047345456942322057e+36 7.705368997245175997e+05 3.698280294367058668e+05
-5.745970857562497258e+00 7.926677999575758057e+37 6.545182660451384815e+36 7.705431021550056757e+05 3.698320512616015621e+05
-5.725262212814413942e+00 7.935126494946050595e+37 7.454767891651442453e+36 7.705495516183119034e+05 3.698362313177030883e+05
-5.704387665507965721e+00 7.979419464868652063e+37 8.598247301841230263e+36 7.705629386630953522e+05 3.698448655566109228e+05
-5.683306458740844391e+00 8.094715771078112543e+37 7.899488929348520710e+36 7.705705865886386018e+05 3.698498126292774105e+05
-5.662033698594314046e+00 8.208651726011112390e+37 7.225793101851458871e+36 7.705819404772407142e+05 3.698571381022091373e+05
-5.640524810951319523e+00 8.312581165795271705e+37 6.788344551097334917e+36 7.705924713016921887e+05 3.698639360135490424e+05
-5.618795098125701770e+00 8.412668497127085599e+37 6.417981940402982951e+36 7.706003463439005427e+05 3.698690279711633921e+05
-5.596795663252123632e+00 8.510876366630070712e+37 6.088231437154981979e+36 7.706053108809429687e+05 3.698722509450973012e+05
-5.574541341062285937e+00 8.607075983852741514e+37 5.793230362026208828e+36 7.706098876790826907e+05 3.698752248274623998e+05
-5.551978222050820477e+00 8.701497139397434002e+37 5.533710402037842536e+36 7.706230466368939960e+05 3.698837077219226630e+05
-5.529119673912646249e+00 8.794331128602601821e+37 5.318682796346652808e+36 7.706280737669840455e+05 3.698869699075755198e+05
-5.505977437700494193e+00 8.885088914174161488e+37 5.149656201487227606e+36 7.706324502449003048e+05 3.698898141830740497e+05
-5.482560499833198264e+00 8.973884118104946189e+37 5.032180300155827756e+36 7.706368191274289275e+05 3.698926536289996584e+05
-5.458868954243371263e+00 9.060677495956906905e+37 4.971006816097779584e+36 7.706516297419036273e+05 3.699021955544857192e+05
-5.434849786513950676e+00 9.145207876028139595e+37 4.963805204168453265e+36 7.706564999657162698e+05 3.699053555841287016e+05
-5.410504727420629933e+00 9.227820551125272468e+37 5.010663516834647482e+36 7.706703997808718123e+05 3.699143082890099031e+05
-5.385772136520245112e+00 9.308343597728112773e+37 5.109200398696365711e+36 7.706774183368537342e+05 3.699188456597245531e+05
-5.360650341768632643e+00 9.386806546660753578e+37 5.249605436743238699e+36 7.706917581659232965e+05 3.699280780026363791e+05
-5.335132907246588729e+00 9.463244305827269036e+37 5.430131565908102394e+36 7.706980266567785293e+05 3.699321333899837337e+05
-5.309262278606183827e+00 9.537423039025898584e+37 5.639255519930974313e+36 7.707039040098853875e+05 3.699359372690384625e+05
-5.283023395313648507e+00 9.609248602098109440e+37 5.871978059900524729e+36 7.707091613087808946e+05 3.699393427730687545e+05
-5.256345645553665236e+00 9.678970318402507389e+37 6.122723924510360552e+36 7.707137515353682684e+05 3.699423201031974168e+05
-5.229212287886184640e+00 9.746525777488108016e+37 6.384209830432323520e+36 7.707177748303888366e+05 3.699449332633468439e+05
-5.201586818307987414e+00 9.811903943312728661e+37 6.654805867660924188e+36 7.707324734172237804e+05 3.699543921398416278e+05
-5.173549717204878107e+00 9.875189204553670847e+37 6.928263009236350717e+36 7.707463893173395190e+05 3.699633509315372794e+05
-5.145066670549567789e+00 9.936298494963393583e+37 7.201002883165577177e+36 7.707587718745041639e+05 3.699713208024300984e+05
-5.116047596908174455e+00 9.995582748309435852e+37 7.470482329347396460e+36 7.707656528324526735e+05 3.699757633205905440e+05
-5.086455036740517244e+00 1.005319267819448456e+38 7.735164786174773166e+36 7.707699780048844405e+05 3.699785667621287866e+05
-5.056422287627356127e+00 1.010864475607245654e+38 7.992693605037869095e+36 7.707736300357609289e+05 3.699809377377887722e+05
-5.025845387397566810e+00 1.016203040237543372e+38 8.241823777045810024e+36 7.707771439304568339e+05 3.699832192127191229e+05
-4.994670994885382243e+00 1.021389245904170063e+38 8.481537622227050286e+36 7.707805750886745518e+05 3.699854473336263327e+05
-4.962931772810406983e+00 1.026409157702901542e+38 8.711320107784124179e+36 7.707926405213959515e+05 3.699932102126363898e+05
-4.930622772226342931e+00 1.031275307176584265e+38 8.929070165273079312e+36 7.707957888935387600e+05 3.699952549977356102e+05
-4.897668726684059948e+00 1.036003166537502683e+38 9.135677804517312402e+36 7.707988975402648794e+05 3.699972738928862964e+05
-4.864088906761026010e+00 1.040605108927155260e+38 9.330202217298161854e+36 7.708204647723021917e+05 3.700111268194668810e+05
-4.829879988392349333e+00 1.045085672307547063e+38 9.512319541312683927e+36 7.708274613871714100e+05 3.700156365101668052e+05
-4.794943985049030744e+00 1.049500550044637230e+38 9.681013266909295376e+36 7.708321151165309129e+05 3.700186430192847620e+05
-4.759376439586048946e+00 1.053835898480649270e+38 9.836483649609991939e+36 7.708362162697762251e+05 3.700212945063071093e+05
-4.723074223409639671e+00 1.058100999235480172e+38 9.980024567010958747e+36 7.708400308910401072e+05 3.700237618523244164e+05
-4.686020503562758677e+00 1.062308283408731306e+38 1.011215249075997889e+37 7.708435107011891669e+05 3.700260137347419513e+05
-4.648266585631063208e+00 1.066484162272233403e+38 1.023143933353063008e+37 7.708468624720452353e+05 3.700281830811687396e+05
-4.609668782650260255e+00 1.070660629370431607e+38 1.033931323929060594e+37 7.708499971451456659e+05 3.700302127527201665e+05
-4.570338943725801073e+00 1.074845549754255795e+38 1.043598283921786578e+37 7.708528056525890715e+05 3.700320329934604233e+05
-4.530108805935014971e+00 1.079066463439807510e+38 1.052239318588939474e+37 7.708574457641995978e+05 3.700350257752323523e+05
-4.489137524564284831e+00 1.083325888432004923e+38 1.059879164523321392e+37 7.708666026270164875e+05 3.700409128252629307e+05
-4.447232691934914328e+00 1.087672359579748425e+38 1.066625741985113257e+37 7.708697810050646076e+05 3.700429687835191144e+05
-4.404504528691177256e+00 1.092119610528900020e+38 1.072474629625371512e+37 7.708733388312127208e+05 3.700452676384808146e+05
-4.360834562132367864e+00 1.096689870499941290e+38 1.077591055399220533e+37 7.708771998152080923e+05 3.700477604270080337e+05
-4.316271943389438093e+00 1.101414663419896036e+38 1.082078123778228152e+37 7.708906726430814015e+05 3.700564115968038677e+05
-4.270771745825186372e+00 1.106320638475739346e+38 1.085946638779259435e+37 7.708952866405565292e+05 3.700593863505397458e+05
-4.224226229329360649e+00 1.111439279424510950e+38 1.089342852924280339e+37 7.708996797984865261e+05 3.700622197429974913e+05
-4.176758187764789909e+00 1.116792728944260855e+38 1.092413115712891832e+37 7.709038308553135721e+05 3.700648982896496891e+05
-4.128258127762819640e+00 1.122403035331015958e+38 1.095236956021126851e+37 7.709078101654776838e+05 3.700674671264900244e+05
-4.078691050817724317e+00 1.128309718531470791e+38 1.097947132217645451e+37 7.709116387385680573e+05 3.700699401257126010e+05
-4.028120781978941523e+00 1.134529437189839629e+38 1.100626078493766329e+37 7.709155700982231647e+05 3.700724796869904967e+05
-3.976460141275310889e+00 1.141081059993602137e+38 1.103419728153669315e+37 7.709220199775603833e+05 3.700766327544779051e+05
-3.923630269884597510e+00 1.148051061774085142e+38 1.106770647936192320e+37 7.709327860704286722e+05 3.700835519280994777e+05
-3.869751267367973924e+00 1.155380199851461815e+38 1.110137333702548054e+37 7.709375785057127941e+05 3.700866461779828533e+05
-3.814681398973334581e+00 1.163164946714940806e+38 1.113869906837662012e+37 7.709425563020851696e+05 3.700898611147424090e+05
-3.758299950815853663e+00 1.171425413323785858e+38 1.118073870471947103e+37 7.709584985187023412e+05 3.701001056023483980e+05
-3.700834206727449782e+00 1.180129991332197735e+38 1.123198821562202773e+37 7.709656244396528928e+05 3.701046993333900464e+05
-3.642241342240595259e+00 1.189300308432809672e+38 1.129073374304095468e+37 7.709784793679870199e+05 3.701129637789441040e+05
-3.582379423081874847e+00 1.198980975864285869e+38 1.135819840634891891e+37 7.709845951946537243e+05 3.701169158615581691e+05
-3.521197513517108746e+00 1.209196517107551279e+38 1.143561108434055780e+37 7.709910349982192274e+05 3.701210790442793514e+05
-3.458854945391067304e+00 1.219927033907145316e+38 1.152447218149804132e+37 7.709976664671759354e+05 3.701253679203860229e+05
-3.395273994960007258e+00 1.231211902746240632e+38 1.162200553987224543e+37 7.710143075942042051e+05 3.701360689942482859e+05
-3.330368245253339410e+00 1.243030996331374577e+38 1.173359466628065992e+37 7.710237532326685032e+05 3.701421669352803729e+05
-3.264207146348780952e+00 1.255443308776849669e+38 1.185201368637985094e+37 7.710408581581503386e+05 3.701531715385571588e+05
-3.196813781993114389e+00 1.268251922852513913e+38 1.199292399391676008e+37 7.710503613523872336e+05 3.701593145061709802e+05
-3.128073134110309184e+00 1.281633428383873083e+38 1.214522205531918927e+37 7.710603041083377320e+05 3.701657435355593334e+05
-3.058175487414700910e+00 1.295541431713563622e+38 1.230556859243481557e+37 7.710701971963131800e+05 3.701721441169448080e+05
-2.987038579158252105e+00 1.309913482198326528e+38 1.249106985031982316e+37 7.710804940623892471e+05 3.701788082835081732e+05
-2.914738779960316606e+00 1.324675740337093393e+38 1.269173215896512253e+37 7.710950333037431119e+05 3.701881911309761344e+05
-2.841448115155799314e+00 1.339819980761655786e+38 1.290320689878782733e+37 7.711117231121197110e+05 3.701989553815433756e+05
-2.767072775255655870e+00 1.355240984626370334e+38 1.310703528508831485e+37 7.711237844246043824e+05 3.702067645002833451e+05
-2.691790482131182216e+00 1.370989459922869276e+38 1.333685324237932825e+37 7.711363406358697684e+05 3.702148948923567659e+05
-2.615352685505058616e+00 1.387082231030537751e+38 1.359338296038436874e+37 7.711495289908507839e+05 3.702234352084798738e+05
-2.537784578045830131e+00 1.403437845450833166e+38 1.386273106064405638e+37 7.711633004866722040e+05 3.702323548021414317e+05
-2.459141597471898422e+00 1.419787320966827330e+38 1.411013621459768504e+37 7.711774177740815794e+05 3.702415007514884346e+05
-2.379289452903321944e+00 1.436332693825193495e+38 1.437046646509672723e+37 7.711913995964028873e+05 3.702505652224579244e+05
-2.298159645171836019e+00 1.452948557459962663e+38 1.462666149902998640e+37 7.712057519756443799e+05 3.702598734818078810e+05
-2.216452970096725039e+00 1.469478123911297839e+38 1.489349594641305603e+37 7.712292012229465181e+05 3.702750026661112788e+05
-2.132465565693564713e+00 1.486189004936713273e+38 1.518601279478637777e+37 7.712448769547981210e+05 3.702851677557434887e+05
-2.048432162177050486e+00 1.502547381035386822e+38 1.548070210353236024e+37 7.712604136886759661e+05 3.702952471561776474e+05
-1.963096511972253211e+00 1.518926140968371573e+38 1.576648556456877866e+37 7.712790173535677604e+05 3.703072914549112902e+05
-1.873820764027186669e+00 1.535078080001348712e+38 1.606275573910225215e+37 7.713026519104244653e+05 3.703225613546601380e+05
-1.785162250045686960e+00 1.550743849049174558e+38 1.636172411863711366e+37 7.713270116101567401e+05 3.703382919490352506e+05
-1.696723714441759512e+00 1.565880312781519921e+38 1.666260640327152887e+37 7.713473136158777634e+05 3.703514319747099653e+05
-1.605832973189535551e+00 1.580737536986130940e+38 1.695823631701162712e+37 7.713657463522665203e+05 3.703633839628078276e+05
-1.509913210888043977e+00 1.595639216640315086e+38 1.725199178698697140e+37 7.713848368125562556e+05 3.703757665187208331e+05
-1.408925205556442961e+00 1.610383479350879199e+38 1.750142712148197129e+37 7.714032129508048529e+05 3.703877011426067911e+05
-1.318773460938245989e+00 1.622952355379718217e+38 1.776213640836531320e+37 7.714187881789351813e+05 3.703978255411242135e+05
-1.237715037539601326e+00 1.633503970859172762e+38 1.795476039306114541e+37 7.714325703046913259e+05 3.704067873410063330e+05
-1.165004334601690061e+00 1.642531531130823503e+38 1.813891497495000956e+37 7.714531919531954918e+05 3.704200987934427103e+05
-1.100185976218199357e+00 1.650051647562973895e+38 1.829217768119332791e+37 7.714639209506046027e+05 3.704270768459168030e+05
-1.042245597913279198e+00 1.656326621254811967e+38 1.840629028107321561e+37 7.714729310411254410e+05 3.704329425298824790e+05
-9.907737700123107061e-01 1.661758475393008032e+38 1.852437529462972953e+37 7.714806437714854255e+05 3.704379672856268007e+05
-9.451435724331531674e-01 1.666348664641938007e+38 1.861792056804927859e+37 7.714871595258816378e+05 3.704422160067028599e+05
-9.048341348534449935e-01 1.670168548271522633e+38 1.868182781772555637e+37 7.714925671706784051e+05 3.704457458972200402e+05
-8.692756703821942210e-01 1.673336832276327259e+38 1.873091770942469995e+37 7.715068687586704036e+05 3.704549436295921332e+05
-8.378885219572111964e-01 1.676009857320639837e+38 1.877567993234038655e+37 7.715115327769507421e+05 3.704579804915594868e+05
-8.100669984269188717e-01 1.678305697268057806e+38 1.881454116569802544e+37 7.715156386702348245e+05 3.704606537001472898e+05
-7.850921727367676795e-01 1.680301153597299170e+38 1.884568600361861681e+37 7.715192602462692885e+05 3.704630123261532281e+05
-7.621527864830568433e-01 1.682039319237786238e+38 1.886207222626732917e+37 7.715223618780752877e+05 3.704650347484346130e+05
-7.401569274807116017e-01 1.683663331130286440e+38 1.887875178979562293e+37 7.715265704526025802e+05 3.704677614536021720e+05
-7.163826353353215382e-01 1.685388616988061674e+38 1.890254301631215403e+37 7.715316258376156911e+05 3.704710308799736085e+05
-6.707962158689042553e-01 1.688542707996631041e+38 1.896588362833226057e+37 7.715414954567319946e+05 3.704774105672666919e+05
-6.066569120011990890e-01 1.692578967132882063e+38 1.903099289699155947e+37 7.715518340933887521e+05 3.704841217780105071e+05
-5.376247105159563944e-01 1.696553717499062683e+38 1.909356457163462858e+37 7.715611630494170822e+05 3.704901954949870706e+05
-4.564679038739996031e-01 1.700558334910959631e+38 1.915869575654642767e+37 7.715776055379593745e+05 3.705008219284308725e+05
-3.592760930623626336e-01 1.704492386863683271e+38 1.922553246590274200e+37 7.715929281760498416e+05 3.705107537973658182e+05
-2.453358158090850338e-01 1.707985175867678723e+38 1.928704642346918479e+37 7.716146485746130347e+05 3.705247845269525424e+05
-1.264871944295009598e-01 1.710170605324663381e+38 1.932811485279729484e+37 7.716290120514319278e+05 3.705341112696509808e+05
0.000000000000000000e+00 1.711205995419554200e+38 1.933497843555393888e+37 7.716420341836179141e+05 3.705425821577364695e+05
1.370512545254314318e-01 1.710148927168252769e+38 1.927173959650527748e+37 7.716533974924775539e+05 3.705499741813963046e+05
2.885468959138961509e-01 1.707152175007001874e+38 1.917579830684135359e+37 7.716639831361197866e+05 3.705568625245247968e+05
4.465880906209349632e-01 1.702089481306949714e+38 1.907067981622167721e+37 7.716811420993251959e+05 3.705679016210743575e+05
5.962029312067897990e-01 1.695444637113608774e+38 1.892869389877042023e+37 7.716877462432773318e+05 3.705721799312166404e+05
7.425720844330498949e-01 1.687131957361104173e+38 1.869171392985671053e+37 7.716913249084539711e+05 3.705744774803356268e+05
8.889812380220973864e-01 1.677277366730941809e+38 1.838043436002253087e+37 7.716910163172581233e+05 3.705742617549216957e+05
1.038169670282513835e+00 1.665953807865057251e+38 1.803638985932872094e+37 7.716874395911219763e+05 3.705719123838308151e+05
1.192717662066570483e+00 1.652923249252692053e+38 1.766063413142452976e+37 7.716809513520724140e+05 3.705676577354710898e+05
1.355409212643280625e+00 1.637874599560329138e+38 1.721902846638454929e+37 7.716718456381405704e+05 3.705616863265886786e+05
1.509275290285586379e+00 1.622446323859952699e+38 1.676699793477787440e+37 7.716660890440075891e+05 3.705577929863519385e+05
1.647482802378362976e+00 1.607680834350638475e+38 1.633790695088916148e+37 7.716573095456821611e+05 3.705519637885396951e+05
1.772475220102933235e+00 1.593715671022694758e+38 1.593109115726512598e+37 7.716515532771938015e+05 3.705480451429359964e+05
1.884568151013809256e+00 1.580672155062412389e+38 1.555675117187297899e+37 7.716381573412617436e+05 3.705392511044637649e+05
1.985454701134585775e+00 1.568626605343841439e+38 1.521141418501907484e+37 7.716258346210963791e+05 3.705311488075207453e+05
2.075779524180688895e+00 1.557605588987277080e+38 1.490310308195757801e+37 7.716203318188798148e+05 3.705274047703971737e+05
2.156377328021335416e+00 1.547546107601042560e+38 1.463211394736475164e+37 7.716087466393649811e+05 3.705197900186364423e+05
2.228026603843318298e+00 1.538479783186759168e+38 1.438925144207834041e+37 7.715970443831853336e+05 3.705121133317697677e+05
2.291473474193480797e+00 1.530371986554017957e+38 1.417410507849096013e+37 7.715863072874158388e+05 3.705050731430852902e+05
2.347489029649295844e+00 1.523173943958549170e+38 1.398432799651854469e+37 7.715763885900678579e+05 3.704985718769515515e+05
2.396955180229269899e+00 1.516783193562049812e+38 1.381659787455962144e+37 7.715770033188649686e+05 3.704988102679703734e+05
2.440800057767773978e+00 1.511068160418861221e+38 1.366735260067772972e+37 7.715692629604591057e+05 3.704937261451815139e+05
2.480362299742409959e+00 1.505886022684933451e+38 1.353252317376995581e+37 7.715620487358570099e+05 3.704889911158836330e+05
2.517261120156035759e+00 1.501036362704363168e+38 1.340557209907929174e+37 7.715549300217452692e+05 3.704843225205102935e+05
2.554655222134897485e+00 1.496101853131928281e+38 1.327644486742009761e+37 7.715475878837938653e+05 3.704795098677222850e+05
2.609525267282151617e+00 1.488785788268823207e+38 1.308468331178807924e+37 7.715365357325761579e+05 3.704722654622844420e+05
2.689943931167363189e+00 1.477952506007177660e+38 1.279074059191881273e+37 7.715195461423645029e+05 3.704611370155288605e+05
2.780279834463726729e+00 1.465661861925942878e+38 1.245768134204500951e+37 7.714994767650597496e+05 3.704479963690713630e+05
2.886539929677383043e+00 1.451248148695932395e+38 1.210195715039483605e+37 7.714756872353637591e+05 3.704324078862824827e+05
3.016143783359439112e+00 1.433454310628396280e+38 1.162770963655904815e+37 7.714456411732903216e+05 3.704127185215775389e+05
3.177132482465822250e+00 1.411526629241445811e+38 1.108837594527090602e+37 7.714075395075316774e+05 3.703877488145501120e+05
3.381287511510890909e+00 1.383805193199089421e+38 1.040147836551896903e+37 7.713093595385621302e+05 3.703238331483749207e+05
3.610764202661812305e+00 1.353044324884858640e+38 9.630346220537739827e+36 7.711453764712542761e+05 3.702178235372381168e+05
3.867063125639106147e+00 1.319570599793473334e+38 8.839655521181726363e+36 7.710942758360626176e+05 3.701841905092510278e+05
4.146717150142649189e+00 1.284280864511175503e+38 8.028850697813598206e+36 7.710311660962923197e+05 3.701428636597709847e+05
4.457486597530078143e+00 1.246873490585549618e+38 7.225530298433682055e+36 7.709699057791010709e+05 3.701027269464689307e+05
4.810414441439206712e+00 1.206742935742850322e+38 6.419267214668229630e+36 7.709160209164867410e+05 3.700673360856765066e+05
5.216488395453779958e+00 1.163850407842750569e+38 5.616365622988935893e+36 7.708614900688899215e+05 3.700315645739733009e+05
5.601203807309502736e+00 1.126679750561896003e+38 4.946866963696060401e+36 7.708152135059416760e+05 3.700012407898880192e+05
5.980722068634349853e+00 1.093240742136975728e+38 4.387757896208998561e+36 7.707787633084704867e+05 3.699773041369237471e+05
6.364454453447251581e+00 1.062373561932231714e+38 3.906554497553894284e+36 7.707511507536877180e+05 3.699590854288330884e+05
6.760044266877230257e+00 1.033594981569084450e+38 3.479647598509843367e+36 7.707293779711358948e+05 3.699446481561459950e+05
7.174774068378610536e+00 1.006750710772909277e+38 3.146397642779110826e+36 7.707044014784183819e+05 3.699281806631526561e+05
7.616490797227015719e+00 9.814285733802591991e+37 2.877642467042018195e+36 7.706836694555240683e+05 3.699144540549127851e+05
8.016092185440356843e+00 9.608443543634604746e+37 2.665481837753926902e+36 7.706630737194007961e+05 3.699008623501535621e+05
8.368961415690137073e+00 9.443053508973388600e+37 2.510649786058166647e+36 7.706444833728923695e+05 3.698886094890685636e+05
8.680246279967832379e+00 9.311415824471462264e+37 2.394162343960608895e+36 7.706313973552539246e+05 3.698799364613441285e+05
8.955317715983255766e+00 9.203958794482534524e+37 2.317322792378663552e+36 7.706317324153436348e+05 3.698799168362917262e+05
9.198799649020656943e+00 9.113642685724349250e+37 2.245393178232300217e+36 7.706271400484237820e+05 3.698767689453034545e+05
9.414829471614211798e+00 9.037220917381143211e+37 2.179434284367276356e+36 7.706199018232884118e+05 3.698719514537078212e+05
9.606988334242487326e+00 8.972539358133220996e+37 2.125567488862192945e+36 7.706135334551557899e+05 3.698677170418382157e+05
9.778256622666958719e+00 8.916811120869613952e+37 2.092028301026075959e+36 7.706079646177678369e+05 3.698640159980454482e+05
9.931161041095037945e+00 8.868542433525895247e+37 2.070167049987196445e+36 7.706024685006283689e+05 3.698603707111631520e+05
1.006761095639376435e+01 8.826634020051657773e+37 2.056321650674291843e+36 7.705973119202967500e+05 3.698569552359550726e+05
1.018934222764801234e+01 8.790033242192251544e+37 2.046641296695641609e+36 7.706072037763018161e+05 3.698632094849982532e+05
1.029769869285519235e+01 8.758479878201338014e+37 2.038535344292439041e+36 7.706076745967362076e+05 3.698634286281167879e+05
1.039393985766218975e+01 8.731011920303770555e+37 2.028609028378784286e+36 7.706047472243186785e+05 3.698614768228206085e+05
1.047926450532395393e+01 8.706763317366481538e+37 2.016657980234057167e+36 7.706020029997744132e+05 3.698596513920770958e+05
1.055497127007402014e+01 8.685455631762044420e+37 2.003422440066999536e+36 7.705994923272923334e+05 3.698579836247236817e+05
1.062254699542245362e+01 8.666552858138082166e+37 1.991295131293889295e+36 7.705972628761960659e+05 3.698565029693756369e+05
1.068461875086359214e+01 8.649227326759475577e+37 1.979322597351509330e+36 7.705992178137627197e+05 3.698577126161062042e+05
1.074631949693139177e+01 8.632182148687835106e+37 1.968132787320933060e+36 7.706024102962287143e+05 3.698597184784738929e+05
1.083440131213865243e+01 8.607789750761030725e+37 1.956040322803172534e+36 7.706001742317652097e+05 3.698582209923823248e+05
1.095217586947546806e+01 8.574680078326532378e+37 1.946259698033246042e+36 7.705970951687603956e+05 3.698561629899269319e+05
1.110239451736561023e+01 8.532480544656609331e+37 1.944415774084359093e+36 7.705919417195549468e+05 3.698527471176760155e+05
1.123523265056428500e+01 8.496007925861790006e+37 1.953086710726883493e+36 7.705862197803249583e+05 3.698489767975653522e+05
1.135365215878118761e+01 8.463917503527048646e+37 1.961901290856533042e+36 7.705802774942215765e+05 3.698450741868540645e+05
1.145904421701561660e+01 8.435371758185237748e+37 1.963619675867212283e+36 7.705785578471636400e+05 3.698438914378986228e+05
1.155264682319830172e+01 8.410038019118807760e+37 1.955818666855245006e+36 7.705802093425909989e+05 3.698448820105210762e+05
1.163576989508874249e+01 8.387826788116955743e+37 1.949690991213661928e+36 7.705772488187126582e+05 3.698429195842778427e+05
1.170975291986542288e+01 8.368331934837963217e+37 1.945026693757660353e+36 7.705744512261276832e+05 3.698410682846929412e+05
1.177694972045719624e+01 8.350956870845192325e+37 1.942029898412366170e+36 7.705718463693334488e+05 3.698393458792208694e+05
1.184149465015798341e+01 8.334523575369207721e+37 1.938521645551526921e+36 7.705790307894777507e+05 3.698439104034825577e+05
1.191725096186564770e+01 8.315383848801029304e+37 1.935049541661554454e+36 7.705769262181407539e+05 3.698425027284448734e+05
1.204885522235417739e+01 8.282147845411749957e+37 1.928370367869432783e+36 7.705728820027025649e+05 3.698398080553530599e+05
1.221971925887919497e+01 8.239523851453514583e+37 1.914361714280315258e+36 7.705712505867206492e+05 3.698386319239534787e+05
1.238351071052602492e+01 8.198851255274849829e+37 1.909335933891408270e+36 7.705720150127030211e+05 3.698389995007617981e+05
1.252936955135373864e+01 8.162588684343646588e+37 1.916514858426557901e+36 7.705738637401479064e+05 3.698400759234166471e+05
1.265981081387144513e+01 8.129896349310444239e+37 1.929165970025931518e+36 7.705693005795661593e+05 3.698370486796140322e+05
1.277617049598484300e+01 8.100979899299169605e+37 1.940023949247756064e+36 7.705646583103880985e+05 3.698339812271589180e+05
1.287978227224084549e+01 8.076051865051632841e+37 1.949808526279453898e+36 7.705600595301992726e+05 3.698309515479115653e+05
1.297196206121589057e+01 8.054505787871489310e+37 1.958737253018959548e+36 7.705557451981882332e+05 3.698281131324397866e+05
1.305414130665303674e+01 8.035617041309392965e+37 1.966919524955371007e+36 7.705516907754850108e+05 3.698254491055118851e+05
1.312818917904223781e+01 8.018637910076791453e+37 1.974915886673567575e+36 7.705478578973138938e+05 3.698229335103183403e+05
1.319759278588753659e+01 8.002584543426360058e+37 1.983669093764723448e+36 7.705493951733738650e+05 3.698238697951789363e+05
1.327148166879487690e+01 7.985545500696425061e+37 1.993254344588478852e+36 7.705478849544650875e+05 3.698228465310744359e+05
1.341852054579067044e+01 7.950628842544028679e+37 2.014240797374835919e+36 7.705415974024207098e+05 3.698187019257413340e+05
1.355322027082729619e+01 7.918667995402525049e+37 2.022879640886787750e+36 7.705356566816226114e+05 3.698147895659219939e+05
1.367340976392733864e+01 7.890102916443376733e+37 2.032861327946877874e+36 7.705307385464496911e+05 3.698115445948268170e+05
1.378054822480771691e+01 7.864583510595550124e+37 2.046473328887814075e+36 7.705266428341337014e+05 3.698088376079226146e+05
1.387599601515103132e+01 7.841174856763178275e+37 2.054682620788249590e+36 7.705326581931012915e+05 3.698126323368257727e+05
1.396123257211002056e+01 7.819882318788515879e+37 2.061936112404407685e+36 7.705301592782074586e+05 3.698109666882994934e+05
1.403823460482817609e+01 7.800926505998418671e+37 2.067898569464655007e+36 7.705276877619366860e+05 3.698093245263749268e+05
1.411077435030892957e+01 7.783037722773758018e+37 2.075209674427578348e+36 7.705251699655549601e+05 3.698076558477960061e+05
1.418925272555497941e+01 7.763906831318137924e+37 2.084366418879945189e+36 7.705223609265302075e+05 3.698057961637801491e+05
1.434542469230655115e+01 7.726816369994854494e+37 2.111830826713049575e+36 7.705303461965983734e+05 3.698108105863414239e+05
1.450044553035695571e+01 7.691252446877740512e+37 2.137261083919453527e+36 7.705393223765705479e+05 3.698164647860680125e+05
1.463865335642185528e+01 7.659904688863941015e+37 2.155261609758516857e+36 7.705406091617583297e+05 3.698171946023172350e+05
1.476236154716752935e+01 7.632085663014485348e+37 2.169120054235123849e+36 7.705417506452283124e+05 3.698178426136501366e+05
1.487278296770818997e+01 7.606703480205165533e+37 2.180670275134801586e+36 7.705383858264544979e+05 3.698156063078186708e+05
1.497134426854609046e+01 7.583966962876534518e+37 2.195089711462988336e+36 7.705349951754023787e+05 3.698133622850388056e+05
1.505941884218191262e+01 7.563716877244822725e+37 2.210435841630095607e+36 7.705317578382162610e+05 3.698112245393526391e+05
1.513961089584336150e+01 7.545403409109551620e+37 2.224825335933815114e+36 7.705287277394825360e+05 3.698092257347236737e+05
1.521617994582629763e+01 7.527477762636155702e+37 2.241923232898426632e+36 7.705259415785556193e+05 3.698073862229317892e+05
1.530317581020062789e+01 7.506680504586365992e+37 2.260122562286975085e+36 7.705226048113721190e+05 3.698051854373766691e+05
1.546795679027854931e+01 7.466026202654574905e+37 2.288988108988204502e+36 7.705161409590486437e+05 3.698009182546006632e+05
1.564691181438683998e+01 7.422106784034713266e+37 2.315135044013219032e+36 7.705089991406926420e+05 3.697962057130043395e+05
1.584705841299728490e+01 7.373014563664316940e+37 2.333337696591181633e+36 7.705013943782625720e+05 3.697911802392980317e+05
1.603428449765488040e+01 7.328731582128719574e+37 2.345604019544422577e+36 7.705096235328927869e+05 3.697963340601795353e+05
1.620158260315656662e+01 7.290428722417402618e+37 2.361760424042510147e+36 7.705065015436615795e+05 3.697942122262605699e+05
1.635187652829336002e+01 7.256656589526135834e+37 2.376683297158157511e+36 7.705055402185092680e+05 3.697934888422559598e+05
1.648659518368367571e+01 7.226814402702388679e+37 2.394125301233161328e+36 7.705049084956386359e+05 3.697929892776988563e+05
1.660723088268423453e+01 7.199690662494816301e+37 2.418863441247894820e+36 7.705089814321162412e+05 3.697955212720339769e+05
1.671524318189767655e+01 7.175086898070588710e+37 2.445969028223515781e+36 7.705074774568886496e+05 3.697944813561780611e+05
1.681200546820764430e+01 7.152782021334827141e+37 2.471544328290352133e+36 7.705132638693217887e+05 3.697981307079895632e+05
1.690015219619090203e+01 7.132443671561694230e+37 2.488953219157053170e+36 7.705107391815626761e+05 3.697964496630614158e+05
1.698397057157126255e+01 7.112648953764258900e+37 2.501541064685742689e+36 7.705082016412223456e+05 3.697947637449214817e+05
1.707691682117001619e+01 7.090455073818189590e+37 2.514340205348165676e+36 7.705053769158188952e+05 3.697928879077050951e+05
1.721028185081377160e+01 7.058228242802366181e+37 2.540388357988783321e+36 7.705026518701709574e+05 3.697910501417996129e+05
1.732827624645142350e+01 7.029887752549867651e+37 2.558320276271967773e+36 7.705057571332986699e+05 3.697929661182171549e+05
1.743415062355052214e+01 7.004630568881108790e+37 2.571422469660187721e+36 7.705021522060536081e+05 3.697905777345531387e+05
1.752987945893255528e+01 6.981617236919606587e+37 2.579233347379785081e+36 7.704986081252240110e+05 3.697882350780820125e+05
1.761823353651561774e+01 6.960757639543564262e+37 2.591989978362919654e+36 7.704953668116597692e+05 3.697860918996555265e+05
1.770593735889997333e+01 6.940186060319470822e+37 2.606240833891060937e+36 7.704922168611180969e+05 3.697840079467564356e+05
1.782568001492472831e+01 6.912278536512307383e+37 2.627281951448528553e+36 7.704879289947061334e+05 3.697811706256007892e+05
1.800793815174256451e+01 6.870000581335667599e+37 2.654733822169366322e+36 7.704815535726670641e+05 3.697769488419241970e+05
1.820171986962668598e+01 6.825750197618264559e+37 2.680896716590240918e+36 7.704837209660415538e+05 3.697782068892943207e+05
1.842043991347600240e+01 6.775377950743181056e+37 2.710109179157176653e+36 7.704752256350128446e+05 3.697725972388283699e+05
1.864659656309231650e+01 6.723978117102766824e+37 2.732179715746567379e+36 7.704755690050595440e+05 3.697726580171856331e+05
1.884806483496504370e+01 6.679437578864442399e+37 2.741925349352915376e+36 7.704688703565375181e+05 3.697682141783449915e+05
1.902988201293919701e+01 6.638501491977249876e+37 2.747731185950938609e+36 7.704810192044416908e+05 3.697758901821575710e+05
1.919274308932654094e+01 6.600818419328331555e+37 2.754837241468086548e+36 7.704878332479650853e+05 3.697801550296586356e+05
1.933912590723775793e+01 6.567091597073518771e+37 2.767667454985917127e+36 7.704848862306465162e+05 3.697781606473334250e+05
1.947112134912458714e+01 6.537939321166200414e+37 2.776665399019315889e+36 7.704818743432544870e+05 3.697761347868576413e+05
1.959024448847048916e+01 6.512161419578087726e+37 2.776301063349872503e+36 7.704787854317352176e+05 3.697740687753100065e+05
1.969785063358722255e+01 6.489152178662783469e+37 2.777676330991889938e+36 7.704756161447330378e+05 3.697719590733894147e+05
1.979722143150866032e+01 6.467867654623349925e+37 2.777681398637574695e+36 7.704723839830439538e+05 3.697698152343962574e+05
1.989439590032270644e+01 6.446819894821973100e+37 2.773574346043149374e+36 7.704689415798146510e+05 3.697675378511430463e+05
2.001502585527487099e+01 6.419892451601861920e+37 2.763741793189330361e+36 7.704648007444358664e+05 3.697647965920128045e+05
2.021473353308101650e+01 6.375663052537899832e+37 2.758514031134170802e+36 7.704580735726300627e+05 3.697603419212998124e+05
2.039753591603948735e+01 6.334632682098889786e+37 2.748045839354937171e+36 7.704524239013523329e+05 3.697565925079104491e+05
2.056193129888561089e+01 6.297345701561079480e+37 2.735269762097851988e+36 7.704474743499686010e+05 3.697533068912303424e+05
2.071008554914442357e+01 6.263056491455895411e+37 2.732608063592058058e+36 7.704431033070308622e+05 3.697504054927216494e+05
2.084361050564621110e+01 6.232901269780130871e+37 2.724521482537841900e+36 7.704391566576025216e+05 3.697477880754758371e+05
2.096380376353044994e+01 6.206246564631667148e+37 2.704873726104610066e+36 7.704481143548798282e+05 3.697534718834109954e+05
2.107361182285239920e+01 6.181863659608432652e+37 2.688663552281507589e+36 7.704561469676150009e+05 3.697585676901264233e+05
2.117715066894015763e+01 6.159136857009839794e+37 2.674607116810957418e+36 7.704598741049085511e+05 3.697609040343962843e+05
2.128514141734922305e+01 6.135655094850841533e+37 2.659585462743410871e+36 7.704583906433871016e+05 3.697598896432213369e+05
2.145728896537912078e+01 6.097374690225883207e+37 2.637806553087896473e+36 7.704548194780726917e+05 3.697574915137165808e+05
2.161060597315372434e+01 6.063238244554980290e+37 2.607700506507604157e+36 7.704547876920484705e+05 3.697573756793671055e+05
2.174889055055973586e+01 6.032345138706159662e+37 2.585836928707360001e+36 7.704569133346929448e+05 3.697586558354197768e+05
2.187354572481126525e+01 6.004527571754760801e+37 2.570396589748563553e+36 7.704609794743275270e+05 3.697611918583426159e+05
2.198763631643669214e+01 5.978831011290494756e+37 2.555618735580019049e+36 7.704604176224208204e+05 3.697607617016856093e+05
2.209543284052051604e+01 5.954677476825136412e+37 2.543965258418820127e+36 7.704579766114598606e+05 3.697591293105192599e+05
2.220805737552291248e+01 5.929412109913498902e+37 2.530697551885843296e+36 7.704552956486542244e+05 3.697573406914279913e+05
2.235242362183635123e+01 5.897080675616713626e+37 2.518833817398795004e+36 7.704521942254512105e+05 3.697552656087987707e+05
2.248224125636625104e+01 5.868570583876499565e+37 2.508170675387060944e+36 7.704495429461142048e+05 3.697534909528018325e+05
2.260063970752526075e+01 5.842414917178885021e+37 2.500399026537190211e+36 7.704473315782076679e+05 3.697520079662906937e+05
2.271175773312279489e+01 5.817517528562124420e+37 2.493063472261314959e+36 7.704453169037101325e+05 3.697506578805859899e+05
2.271176907856715843e+01 5.818903557190463398e+37 2.476240123720302638e+36 7.704445566732040606e+05 3.697501694292957545e+05
2.271177225597784854e+01 5.818993781538315426e+37 2.475177721623929897e+36 7.704437384298417019e+05 3.697496437361738062e+05
2.271177857903239783e+01 5.818876499336463394e+37 2.476531578590273750e+36 7.704429326680742670e+05 3.697491260880469927e+05
2.271179107262287289e+01 5.818901196504039474e+37 2.476208701846036678e+36 7.704421300563910045e+05 3.697486104877794860e+05
2.271180545393144712e+01 5.818903241232171495e+37 2.476146160119811658e+36 7.704495438087517396e+05 3.697533740746322437e+05
2.271182243821385782e+01 5.818897409402930835e+37 2.476168820055500957e+36 7.704491460003626999e+05 3.697531184017353808e+05
2.271184258187713567e+01 5.818892827029735812e+37 2.476168375690140413e+36 7.704485377081126207e+05 3.697527274658412789e+05
2.271186662315449212e+01 5.818887544345300803e+37 2.476165664456166936e+36 7.704478438879875466e+05 3.697522815815868671e+05
2.271189544835942797e+01 5.818881165472446902e+37 2.476162940427264661e+36 7.704471571055933600e+05 3.697518402376330341e+05
2.271193054031755310e+01 5.818873392637037203e+37 2.476159708073317716e+36 7.704464882773244753e+05 3.697514104470948805e+05
2.271197363814280834e+01 5.818863840202848866e+37 2.476155812215640105e+36 7.704458004194443347e+05 3.697509684442778816e+05
2.271202744464972056e+01 5.818851903901095346e+37 2.476151069499373551e+36 7.704450779408199014e+05 3.697505042121413862e+05
2.271209611237281933e+01 5.818836655570779664e+37 2.476145195650613738e+36 7.704442512269573053e+05 3.697499730265881517e+05
2.271217021232587285e+01 5.818820207186969846e+37 2.476138784600365218e+36 7.704434418607162079e+05 3.697494530117975082e+05
2.271224815158348065e+01 5.818802896967512233e+37 2.476132154154057957e+36 7.704426361189262243e+05 3.697489353510053479e+05
2.271232912389677949e+01 5.818784901649404467e+37 2.476125400219351469e+36 7.704501368637246778e+05 3.697537549766056472e+05
2.271241612316225655e+01 5.818765549760753223e+37 2.476118344619769572e+36 7.704497657081313664e+05 3.697535163890899858e+05
2.271250976929150056e+01 5.818744706689852110e+37 2.476110898797054891e+36 7.704492099663312547e+05 3.697531591739845462e+05
2.271261359662457835e+01 5.818721580236473528e+37 2.476102846870457338e+36 7.704485741636842722e+05 3.697527505155526451e+05
2.271273147637839429e+01 5.818695306854037415e+37 2.476093903764906598e+36 7.704478784021355677e+05 3.697523033362371498e+05
2.271286949099157937e+01 5.818664527950868052e+37 2.476083642586960186e+36 7.704472193295767065e+05 3.697518797434227308e+05
2.271303709634230472e+01 5.818627131511146222e+37 2.476071398910678033e+36 7.704465645826351829e+05 3.697514589337562211e+05
2.271326341670646798e+01 5.818576598715081148e+37 2.476055287204466972e+36 7.704459752346726600e+05 3.697510801345987711e+05
2.271359723752539139e+01 5.818502056939754144e+37 2.476031601958457909e+36 7.704455437480366090e+05 3.697508027260616655e+05
2.271422837286081631e+01 5.818361180130715245e+37 2.475986197826882017e+36 7.704453803764218464e+05 3.697506974456455791e+05
2.271548433217685670e+01 5.818081782799687755e+37 2.475884828814591138e+36 7.704451798584334319e+05 3.697505679915302317e+05
2.271798369122552685e+01 5.817526854601569764e+37 2.475670850923922282e+36 7.704449342652609339e+05 3.697504089654094423e+05
2.272295741572452243e+01 5.816397795875793328e+37 2.475535912615724236e+36 7.704446233810124686e+05 3.697502067732581636e+05
2.273285512746952008e+01 5.813930871993146458e+37 2.477869141558554141e+36 7.704442117725349963e+05 3.697499374452176271e+05
2.275255157385254279e+01 5.808264674538934935e+37 2.491953635163598714e+36 7.704436332771644229e+05 3.697495561237706570e+05
2.279174750215315726e+01 5.796261864377173799e+37 2.532849545239863027e+36 7.704427983458383242e+05 3.697490013408943778e+05
2.285500304047309328e+01 5.777959634252837282e+37 2.595491742848994302e+36 7.704415529731733259e+05 3.697481716958505567e+05
2.294503977426211350e+01 5.754511692138026982e+37 2.650923593570059774e+36 7.704397251175267156e+05 3.697469539545603911e+05
2.308868312339473050e+01 5.720090455135602485e+37 2.672149993400913543e+36 7.704451025476845680e+05 3.697503334845469799e+05
2.326243878874811344e+01 5.680351123613052071e+37 2.648269201723951352e+36 7.704425485489487182e+05 3.697485979098955286e+05
2.341789450788928661e+01 5.646594065797205424e+37 2.612441834649984584e+36 7.704472157215963816e+05 3.697515098805963062e+05
2.355860782055242453e+01 5.617021976956542408e+37 2.572232144507573675e+36 7.704466218991832575e+05 3.697510457793719252e+05
2.368674837578146253e+01 5.590378120196227206e+37 2.533148913648532933e+36 7.704492688456756296e+05 3.697526698506834218e+05
2.380556978505046573e+01 5.565668941013912770e+37 2.498611866925535489e+36 7.704461074792002328e+05 3.697505663687866763e+05
2.392147586637292989e+01 5.541491990030990740e+37 2.466829041758244368e+36 7.704425760161714861e+05 3.697482262490669964e+05
2.405917459689953830e+01 5.512717534970594316e+37 2.434245766810785550e+36 7.704501321729002520e+05 3.697529930534793530e+05
2.431164390915364493e+01 5.456743999229496029e+37 2.393273366237652998e+36 7.704506857291691704e+05 3.697531855273717665e+05
2.452660334769461770e+01 5.410192467947688251e+37 2.341004036228419731e+36 7.704456118697990896e+05 3.697497861184897483e+05
2.478062165035225917e+01 5.356013284550520330e+37 2.272402541379256719e+36 7.704389460332056042e+05 3.697453380442126654e+05
2.503664336877409369e+01 5.301912041926584905e+37 2.221875154889035733e+36 7.704334735070359893e+05 3.697416782589849317e+05
2.526753867541265208e+01 5.254088862681177643e+37 2.165419010443045625e+36 7.704301189620804507e+05 3.697394031589149963e+05
2.547570543490292039e+01 5.211388894108019670e+37 2.122838654417494471e+36 7.704428902096749516e+05 3.697475106284688227e+05
2.566428613309108187e+01 5.173256951379336373e+37 2.098534885701826327e+36 7.704437191319339909e+05 3.697479583906540065e+05
2.583507616461429279e+01 5.140094603906637647e+37 2.074091340982283088e+36 7.704486780527865048e+05 3.697510658782956889e+05
2.599013533070683479e+01 5.110318535094393989e+37 2.048306084321917549e+36 7.704467330326482188e+05 3.697497393219068181e+05
2.613148273092519958e+01 5.083333025204084639e+37 2.030556744626184808e+36 7.704447434377542231e+05 3.697483931442237808e+05
2.626316990041232202e+01 5.057997962554149152e+37 2.014046969394006846e+36 7.704426841823925497e+05 3.697470080085851951e+05
2.639185298710071947e+01 5.032528069992119451e+37 1.999606521608250834e+36 7.704403720041997731e+05 3.697454606745925266e+05
2.654375992047425825e+01 5.002221878731298607e+37 1.988786864762672952e+36 7.704368152606693329e+05 3.697430950730741606e+05
2.677813813065586146e+01 4.956255918815687862e+37 1.980405643290284166e+36 7.704315855999077903e+05 3.697396119529633434e+05
2.698768873054359574e+01 4.915893740352339040e+37 1.965087457159268379e+36 7.704271522945064353e+05 3.697366526213124744e+05
2.717738436606305186e+01 4.879685519940596027e+37 1.941895101264215248e+36 7.704234577076205751e+05 3.697341713346323813e+05
2.734961805671628099e+01 4.847114603654820422e+37 1.925209654490900555e+36 7.704446656447094865e+05 3.697476955447187065e+05
2.750652776529022958e+01 4.817571405953023405e+37 1.910134409162607428e+36 7.704461748131763889e+05 3.697485708280982799e+05
2.765073252997535747e+01 4.790766600568217129e+37 1.902421546180463162e+36 7.704499274271529866e+05 3.697508938991210307e+05
2.778720213194901589e+01 4.765573720696249832e+37 1.894535516611252284e+36 7.704474331161917653e+05 3.697492028244404937e+05
2.792728249664651230e+01 4.739090544905137046e+37 1.887297121049555764e+36 7.704443321609295672e+05 3.697471164275087067e+05
2.810966843628557399e+01 4.705187495096953324e+37 1.881126861122371196e+36 7.704398922943450743e+05 3.697441374010797590e+05
2.827508522084099241e+01 4.675694692597199828e+37 1.871083461824239514e+36 7.704352131159272976e+05 3.697410115882580285e+05
2.842651802020554896e+01 4.648668778917615767e+37 1.861036091454553705e+36 7.704303154520411044e+05 3.697377506607947871e+05
2.856849212454108056e+01 4.622718963992383404e+37 1.856734339421394228e+36 7.704252271098147612e+05 3.697343719150389661e+05
2.870884128176840022e+01 4.596733908790145100e+37 1.852754879740639600e+36 7.704232951576723717e+05 3.697330195513720973e+05
2.888046749000204727e+01 4.565857099263480942e+37 1.847355866028147577e+36 7.704227718540562782e+05 3.697325436213804642e+05
2.905683094564301427e+01 4.531000140651669277e+37 1.863275180024404045e+36 7.704586160360976355e+05 3.697555719988743658e+05
2.921765714480716269e+01 4.498444791819636225e+37 1.900745926444060642e+36 7.704575294005910400e+05 3.697547567896503606e+05
2.936664186656707898e+01 4.471197679919384900e+37 1.908974594214471994e+36 7.704631437918028096e+05 3.697582482560328790e+05
2.950988120230613276e+01 4.446464307231359938e+37 1.905340006845122035e+36 7.704586173532789107e+05 3.697552198927869322e+05
2.966412513729301281e+01 4.420288704349608592e+37 1.897498743491092237e+36 7.704523522828953573e+05 3.697510571358457673e+05
2.992907622788334265e+01 4.375126857323064385e+37 1.880976965523536087e+36 7.704486248151112814e+05 3.697484082639560802e+05
3.016014734499913175e+01 4.337075221387165593e+37 1.859971950232692073e+36 7.704460109010525048e+05 3.697465070456732647e+05
3.037512344290735200e+01 4.302693440015570491e+37 1.837319150805372529e+36 7.704374456754927523e+05 3.697407984713928890e+05
3.057037254724127706e+01 4.271918017828951581e+37 1.823451574841951982e+36 7.704270991135790246e+05 3.697339560364502249e+05
3.074861971082282253e+01 4.243714873786766961e+37 1.812321762596334356e+36 7.704167065630324651e+05 3.697270949249751284e+05
3.091228537952702027e+01 4.217452507103431949e+37 1.806823234802094704e+36 7.704069348149601137e+05 3.697206482889936888e+05
3.106609061174094677e+01 4.192012266551901976e+37 1.807030798378170649e+36 7.703986599539213348e+05 3.697151819190995884e+05
3.121861318941228092e+01 4.167155892976011999e+37 1.800080360123517668e+36 7.703985424894515891e+05 3.697149602073484566e+05
3.140229312150040641e+01 4.137812424847171024e+37 1.792547465288218384e+36 7.703898037507932168e+05 3.697091636698783259e+05
3.164143719016283285e+01 4.099852752571900199e+37 1.783934294956069641e+36 7.703843705504030222e+05 3.697054320948712993e+05
3.189332294708583504e+01 4.060329041237136845e+37 1.776756372186454044e+36 7.703718944917274639e+05 3.696971690342622460e+05
3.219068320668884553e+01 4.013323716308882632e+37 1.769183440247579061e+36 7.703572744375338079e+05 3.696874965400226647e+05
3.248594165539543610e+01 3.968255236824320303e+37 1.769413516160978556e+36 7.703418455305617535e+05 3.696773036226866534e+05
3.275128865886654239e+01 3.927960682697849139e+37 1.762679331907113288e+36 7.703340005884409184e+05 3.696720158401860390e+05
3.299207602828391828e+01 3.892570741961328619e+37 1.751587151759573224e+36 7.703344071086533368e+05 3.696720692176719895e+05
3.321085501291963737e+01 3.860627426580971869e+37 1.733827624902273780e+36 7.703249494929370703e+05 3.696658014895145316e+05
3.341077406283875462e+01 3.831786029303317187e+37 1.721699088189680050e+36 7.703206718109099893e+05 3.696628792042615823e+05
3.359470183767552953e+01 3.805279616283573091e+37 1.721088677980189377e+36 7.703170257156506414e+05 3.696603782022925443e+05
3.376627285739232320e+01 3.780820673054840240e+37 1.720920554658933260e+36 7.703094167890701210e+05 3.696553414697467233e+05
3.393245994747849181e+01 3.757108643753341979e+37 1.723789425559898279e+36 7.703027224329165183e+05 3.696509043457606458e+05
3.411140528415853623e+01 3.732170902157473780e+37 1.720638940425458071e+36 7.702954446269227192e+05 3.696460815794732189e+05
3.439460754084575456e+01 3.692802961675059087e+37 1.709959587257935431e+36 7.702842786796987057e+05 3.696386775129542802e+05
3.464668402481765952e+01 3.658540455298372617e+37 1.708890682550125786e+36 7.702742041265098378e+05 3.696320052240099176e+05
3.487706033796712290e+01 3.627489004362407070e+37 1.705906817304680142e+36 7.702747424239557004e+05 3.696321795724084368e+05
3.508754193324421067e+01 3.598867639577030454e+37 1.698028515983412535e+36 7.702682097565106815e+05 3.696278252652267111e+05
3.528133115990203805e+01 3.572985110899461948e+37 1.688466262732060181e+36 7.702704878231512848e+05 3.696291522011883790e+05
3.546199782709300052e+01 3.549607498193310312e+37 1.676571243905977443e+36 7.702655824117778102e+05 3.696258677957857144e+05
3.563668012220296077e+01 3.527381629607900548e+37 1.676439771272032111e+36 7.702606409741312964e+05 3.696225650230309111e+05
3.582130955721368082e+01 3.503720689684203088e+37 1.678474336101116746e+36 7.702658083907653345e+05 3.696257572900130181e+05
3.604687435965752229e+01 3.474475807906307597e+37 1.679566523050495831e+36 7.702695256281902548e+05 3.696279926901889266e+05
3.625216444446414243e+01 3.447874610899945451e+37 1.675773092635527770e+36 7.702649206733223982e+05 3.696248879070716794e+05
3.644257175465463661e+01 3.422448282020440276e+37 1.666158503135345074e+36 7.702602537991729332e+05 3.696217536945459433e+05
3.662351728079374880e+01 3.399111252255823829e+37 1.658347895551207016e+36 7.702556469479915686e+05 3.696186648270083824e+05
3.680461956195358653e+01 3.376629999391982855e+37 1.659458174791609049e+36 7.702543318764994619e+05 3.696176932889076998e+05
3.702289293287321925e+01 3.349074557133675232e+37 1.668310154685572593e+36 7.702546968575264327e+05 3.696177781313317246e+05
3.724328415123454761e+01 3.321297112203286962e+37 1.672335412826622655e+36 7.702497125660274178e+05 3.696144204937930917e+05
3.744593354222888593e+01 3.296578854521097725e+37 1.672603148831363820e+36 7.702450311526000733e+05 3.696112691988625447e+05
3.763524961378425360e+01 3.273859436602591605e+37 1.673034042317843424e+36 7.702489470216919435e+05 3.696136565814697533e+05
3.781885926594259217e+01 3.251998619642160919e+37 1.680152613625727561e+36 7.702446359279296594e+05 3.696107535189947230e+05
3.801254692918155342e+01 3.229353887952253894e+37 1.691219757631892319e+36 7.702396055661311839e+05 3.696073798028845922e+05
3.824975291077862494e+01 3.201076442205630964e+37 1.706555908877897230e+36 7.702334123926686589e+05 3.696032269495365326e+05
3.846603520702046808e+01 3.175596573924864713e+37 1.716139447363467382e+36 7.702308062210554490e+05 3.696013974806716433e+05
3.866705287272634450e+01 3.151871455161189167e+37 1.719342524767190801e+36 7.702320360040259548e+05 3.696020482500190847e+05
3.885763263747503515e+01 3.129402812539443998e+37 1.721241199306741110e+36 7.702276825665942160e+05 3.695991145850247121e+05
3.904682551167206839e+01 3.106998135767646498e+37 1.721027559474312996e+36 7.702231713694343343e+05 3.695960807137964875e+05
3.926126494731579442e+01 3.081930289835541524e+37 1.727156823871771347e+36 7.702180057952177012e+05 3.695926087950934889e+05
3.956473174793063663e+01 3.042492291298958857e+37 1.775238615214068194e+36 7.702110821710817982e+05 3.695879455702853738e+05
3.983753474857076071e+01 3.008182627282038579e+37 1.818499963227637995e+36 7.702139509817399085e+05 3.695896038733589812e+05
4.015490812124335207e+01 2.972415100591606423e+37 1.820983644291709873e+36 7.702076093123353785e+05 3.695853071445553214e+05
4.044005082157673314e+01 2.941312237398605583e+37 1.817156819698894374e+36 7.702119720506732119e+05 3.695879221813832410e+05
4.069855174557596911e+01 2.913214102535237825e+37 1.813112434854047824e+36 7.702072492121312534e+05 3.695847078775946284e+05
4.093471215812314767e+01 2.887036724628160635e+37 1.815822360608144099e+36 7.702027915080221137e+05 3.695816789671017323e+05
4.115282740873226430e+01 2.862943169481996290e+37 1.819162065039745697e+36 7.701986483279401436e+05 3.695788640401305747e+05
4.135732116064173169e+01 2.841337241390247570e+37 1.818972450621836838e+36 7.701992464888605755e+05 3.695791081765791168e+05
4.155686895988765173e+01 2.820276347409861459e+37 1.820259281372466728e+36 7.701991021428732201e+05 3.695788782359025208e+05
4.176780455218977295e+01 2.797885899827000551e+37 1.821708822386213306e+36 7.701943470546179451e+05 3.695756733491416089e+05
4.207793873656191863e+01 2.764986372084863693e+37 1.819042492026454642e+36 7.701874251794995507e+05 3.695710068907783134e+05
4.231987171260698233e+01 2.739120186184411559e+37 1.823329739140539157e+36 7.701907212331774645e+05 3.695729628102289862e+05
4.259890623853425495e+01 2.709127766763517276e+37 1.826762369030010364e+36 7.701870518646745477e+05 3.695704125996905495e+05
4.285168060730211437e+01 2.683068059855926812e+37 1.826773665133295975e+36 7.701822935722125694e+05 3.695671794438437209e+05
4.308420614438364282e+01 2.659251902567744793e+37 1.827762399503933525e+36 7.701777904395079240e+05 3.695641242660483695e+05
4.330052354733925313e+01 2.637339179145133480e+37 1.825227798068135775e+36 7.701736406773149502e+05 3.695613075377605855e+05
4.350904169920249842e+01 2.616578937971584108e+37 1.825435273201902607e+36 7.701694847095324658e+05 3.695584920255072066e+05
4.372110663542116527e+01 2.595497997421048109e+37 1.830092252833188105e+36 7.701649877824196592e+05 3.695554538651328185e+05
4.397699835224193521e+01 2.570362586457323628e+37 1.838372655373139766e+36 7.701619738597843098e+05 3.695533397403400159e+05
4.429505968485318590e+01 2.539089376486893503e+37 1.844597006457134135e+36 7.701724186742586317e+05 3.695598486675358727e+05
4.458533115079626441e+01 2.510773118064683669e+37 1.851386041543315731e+36 7.701678156164166285e+05 3.695566894181400421e+05
4.499468899195198901e+01 2.471404376628946204e+37 1.858472891372839909e+36 7.701605142047930276e+05 3.695517133052488789e+05
4.546627315346268006e+01 2.427642770361229904e+37 1.870208334026996398e+36 7.701622137902016984e+05 3.695524907446046709e+05
4.588380202444386669e+01 2.389657364948329125e+37 1.869862939839232984e+36 7.701592956324481638e+05 3.695503324586677481e+05
4.625778961413016077e+01 2.356004350265535179e+37 1.863466293343170735e+36 7.701598691929914057e+05 3.695504511187925236e+05
4.659336035705928225e+01 2.326490956007148280e+37 1.866371351735795742e+36 7.701549596995649626e+05 3.695470642723150086e+05
4.689606312473188154e+01 2.300338225561885740e+37 1.872460065248115751e+36 7.701500611952195177e+05 3.695437063857734902e+05
4.717115818962338381e+01 2.276851351071059022e+37 1.880399561827626292e+36 7.701453518330891384e+05 3.695404892547820345e+05
4.742313551968254615e+01 2.255221382080675591e+37 1.886452965063663718e+36 7.701411295780853834e+05 3.695376016074296786e+05
4.765917903483205009e+01 2.235108510801528418e+37 1.890728588262966150e+36 7.701370487051714445e+05 3.695348158626527293e+05
4.788721228153735865e+01 2.215766808747861551e+37 1.888042243380710216e+36 7.701330976136755198e+05 3.695321191956333350e+05
4.812048478169890586e+01 2.196230097877351094e+37 1.882743661315776597e+36 7.701301209459615638e+05 3.695300461782346829e+05
4.840287507005268708e+01 2.172996877920235324e+37 1.876217008463986736e+36 7.701333171773205977e+05 3.695319138810262084e+05
4.870381159392127302e+01 2.148416462979490885e+37 1.871382605206877825e+36 7.701288760282335570e+05 3.695288542407352943e+05
4.897750254825223237e+01 2.125981214428281331e+37 1.870575118528808376e+36 7.701247502777653281e+05 3.695260162550464156e+05
4.922962840447144117e+01 2.105061319601888630e+37 1.870334507890095154e+36 7.701208156278331298e+05 3.695233156882416806e+05
4.946820646524429321e+01 2.084965278952990270e+37 1.870586099441927400e+36 7.701268876921929186e+05 3.695270683369835606e+05
4.970300039352150634e+01 2.065822596268367366e+37 1.870261599370399214e+36 7.701234070713719120e+05 3.695246712188976817e+05
4.995462952915113419e+01 2.046060921046164942e+37 1.868891078394327340e+36 7.701278687061992241e+05 3.695273754718698910e+05
5.026496500024222769e+01 2.021844154596830985e+37 1.863549672367315467e+36 7.701299762564965058e+05 3.695285246057459735e+05
5.054628001232049428e+01 2.000653596515395182e+37 1.857591670421094386e+36 7.701308998238869244e+05 3.695289320598479244e+05
5.080550962021516170e+01 1.981139516619623946e+37 1.854013802480634985e+36 7.701277949825031683e+05 3.695267613406478777e+05
5.105009046761551872e+01 1.962825171859585874e+37 1.846396308963337518e+36 7.701245936799313640e+05 3.695245381744452752e+05
5.129081363782461267e+01 1.945120124939680880e+37 1.837424722483089870e+36 7.701213438031914411e+05 3.695222862541477662e+05
5.154864291980629787e+01 1.926415069326877547e+37 1.830436934494032753e+36 7.701176878191886935e+05 3.695197614526627585e+05
5.187393557149334811e+01 1.903085936139088815e+37 1.824111732144510983e+36 7.701129300741434563e+05 3.695164821630537044e+05
5.216819685413793195e+01 1.882785773494949234e+37 1.818164042367316873e+36 7.701082647827452747e+05 3.695132816500558984e+05
5.243875818417291157e+01 1.864333773606554043e+37 1.812902475952004540e+36 7.701089369576831814e+05 3.695135319287552848e+05
5.269324191982741468e+01 1.846884621237196355e+37 1.805592855489488267e+36 7.701089924198813969e+05 3.695133974851897219e+05
5.294051789071818348e+01 1.829719853793321478e+37 1.799328331429574185e+36 7.701054445705551188e+05 3.695109486863744096e+05
5.319957995355071034e+01 1.811625235831522252e+37 1.794006621678023414e+36 7.701015302028934238e+05 3.695082562390365638e+05
5.353170733511797152e+01 1.788719069273548263e+37 1.789547531774073312e+36 7.700964934091549367e+05 3.695047928952215589e+05
5.384965417705825530e+01 1.767573687549297196e+37 1.784266242557895436e+36 7.700916554009144893e+05 3.695014671413085889e+05
5.413995574244472664e+01 1.748497489229405967e+37 1.780195127961812358e+36 7.700870750832851045e+05 3.694983258114248165e+05
5.440949182771146297e+01 1.730776569329595784e+37 1.777330306345335467e+36 7.700824249325298006e+05 3.694951532303579152e+05
5.466682604777452070e+01 1.713916695660144142e+37 1.772350937422354547e+36 7.700779545923324768e+05 3.694921046163771534e+05
5.492645805863139685e+01 1.697143379207298135e+37 1.764724044704367417e+36 7.700906485143660102e+05 3.695001090518218116e+05
5.522118365002097562e+01 1.678063155155358521e+37 1.757864490088143188e+36 7.701001707892864943e+05 3.695060461766007356e+05
5.557698236103169620e+01 1.654681205889164555e+37 1.749174419722027474e+36 7.700968248505460797e+05 3.695036562004974112e+05
5.589767300561652519e+01 1.633869089862365810e+37 1.740472902608346120e+36 7.700933519569110358e+05 3.695012078024764196e+05
5.619234174133453052e+01 1.615095871179853376e+37 1.730827549957298730e+36 7.700898240284224739e+05 3.694987408250269364e+05
5.646827603469137102e+01 1.597754173196242592e+37 1.722582932286313801e+36 7.700864431111628655e+05 3.694963809563043178e+05
5.673551855803816579e+01 1.581024266945214580e+37 1.715762723356706345e+36 7.700831116388035007e+05 3.694940586972784367e+05
5.701013542844157200e+01 1.564166194289405848e+37 1.709164616571150164e+36 7.700806832125382498e+05 3.694923128541526967e+05
5.734568649223365355e+01 1.543736110020873112e+37 1.704274587478087077e+36 7.700843688083976740e+05 3.694944636009439128e+05
5.771767244632064831e+01 1.521383856630932409e+37 1.700667174719439527e+36 7.700804864239596063e+05 3.694917177464149427e+05
5.805445883197535295e+01 1.501615633036488999e+37 1.696172913167369572e+36 7.700769461850509979e+05 3.694892157646939158e+05
5.836282423167722300e+01 1.483732012558260082e+37 1.691777122433257315e+36 7.700735843783740420e+05 3.694868477809949545e+05
5.865214123440091498e+01 1.467253991112991515e+37 1.686199517706693044e+36 7.700703064981389325e+05 3.694845466380331200e+05
5.893252302047039848e+01 1.451131567706615254e+37 1.681448029227071135e+36 7.700670797593542375e+05 3.694822844250857015e+05
5.922082828954444267e+01 1.434793674382789837e+37 1.673568720866046674e+36 7.700635570891628740e+05 3.694798261939614895e+05
5.957256141290417872e+01 1.415049691123889640e+37 1.662791324419737834e+36 7.700590266370490426e+05 3.694766769598149112e+05
6.017657182864786591e+01 1.382001935591699763e+37 1.644839084287604297e+36 7.700508610037566395e+05 3.694710190720363171e+05
6.070578983346058521e+01 1.353833997615512063e+37 1.631128566685633838e+36 7.700462329750739736e+05 3.694676883070101030e+05
6.137312908637977671e+01 1.318553044863722537e+37 1.618286945612375431e+36 7.700446701247219462e+05 3.694662418903291109e+05
6.200964820140507072e+01 1.285687402361867817e+37 1.612268506518472028e+36 7.700466848729779013e+05 3.694671206031593611e+05
6.257965737034101039e+01 1.256664024413440570e+37 1.604698588626170470e+36 7.700410870174886659e+05 3.694631415962256724e+05
6.309113383582734969e+01 1.231034860098156037e+37 1.593576535827498569e+36 7.700456917316005565e+05 3.694657714261750807e+05
6.355134699679911137e+01 1.208363592733372069e+37 1.582546213944020835e+36 7.700517709263137076e+05 3.694693879653572803e+05
6.396754371402494144e+01 1.188490763875000952e+37 1.572890329175951412e+36 7.700485330130263465e+05 3.694670299068480381e+05
6.434698006733378861e+01 1.170367703955985193e+37 1.563321798318289013e+36 7.700451985777788796e+05 3.694646336624265532e+05
6.469812835998891387e+01 1.153836967798466366e+37 1.555621028915796465e+36 7.700418769103545928e+05 3.694622641525655636e+05
6.503161691933928523e+01 1.138014814025739718e+37 1.548171805992475916e+36 7.700384768155075144e+05 3.694598556708584074e+05
6.536127959749137517e+01 1.122546429837750883e+37 1.540868620781776198e+36 7.700349427625392564e+05 3.694573633935692487e+05
6.571432845138770062e+01 1.106154021574769579e+37 1.531704168107230203e+36 7.700310201234339038e+05 3.694546051820360008e+05
6.621882638431270607e+01 1.082759564210433571e+37 1.515497512852828520e+36 7.700254568850408541e+05 3.694506907461349620e+05
6.682303824785049073e+01 1.055443983017379060e+37 1.500422784875718922e+36 7.700189009436998749e+05 3.694460720894422848e+05
6.754663479316513985e+01 1.023140911695295743e+37 1.485843697783492410e+36 7.700119135671567637e+05 3.694410981428781524e+05
6.835788265985320322e+01 9.878691512269868528e+36 1.468733025486474901e+36 7.700082021240168251e+05 3.694381777358256513e+05
6.908848851735820062e+01 9.568402125815101375e+36 1.450303778458202355e+36 7.700082494580908678e+05 3.694377327912667533e+05
6.974741053734032903e+01 9.296058077856545619e+36 1.430775539096930542e+36 7.700126659807309043e+05 3.694401479034766089e+05
7.034267769816506188e+01 9.057506276930111058e+36 1.411892171067432920e+36 7.700089549823593115e+05 3.694373691503964365e+05
7.088241419297992252e+01 8.833194685550122522e+36 1.390424791664248279e+36 7.700220815248953877e+05 3.694454935996960849e+05
7.137494697782676667e+01 8.637736036725997386e+36 1.372080921503867849e+36 7.700266016634599073e+05 3.694480853305312339e+05
7.182887058048800100e+01 8.465869612245086007e+36 1.354749720260078250e+36 7.700252755646533333e+05 3.694469358725122293e+05
7.225319414374826010e+01 8.307721980738374376e+36 1.338243466392098303e+36 7.700228727885102853e+05 3.694451116944244131e+05
7.266270896788046230e+01 8.158430437216205916e+36 1.323446468454845995e+36 7.700204240545768989e+05 3.694432676503743860e+05
7.307503407452895772e+01 8.010107807940225103e+36 1.307559540829365360e+36 7.700177429469609633e+05 3.694412721412255778e+05
7.353643881453899667e+01 7.844075557096143187e+36 1.288366859031800886e+36 7.700146082098197658e+05 3.694389525559984031e+05
7.420843812738894485e+01 7.601651438758938218e+36 1.258555697875655785e+36 7.700099181170542724e+05 3.694354942064548377e+05
7.481973699366790242e+01 7.384910507585276673e+36 1.232806722168184837e+36 7.700058010086854920e+05 3.694324447859160136e+05
7.538384443620452657e+01 7.187076629345960938e+36 1.209666464021670792e+36 7.700021395030068234e+05 3.694297197080570622e+05
7.590880587337596808e+01 7.007274657869122626e+36 1.186697482714869889e+36 7.699990035049627768e+05 3.694273588556734030e+05
7.640371139663329814e+01 6.840324499016127599e+36 1.165343516608641580e+36 7.699960015214971500e+05 3.694251039345564786e+05
7.688202316255774349e+01 6.682547403861980978e+36 1.143817779428193099e+36 7.699930280194327934e+05 3.694228781631350867e+05
7.736304113086953294e+01 6.527629408269529365e+36 1.121765790670455560e+36 7.699900804387375247e+05 3.694206673346441821e+05
7.789514608238823712e+01 6.352371967682908390e+36 1.094822713642232842e+36 7.700095411827244097e+05 3.694328895671732025e+05
7.871915030127274804e+01 6.091007178042212341e+36 1.049099787725426657e+36 7.700063192149858223e+05 3.694302822452514665e+05
7.946242447318218183e+01 5.871832115172117505e+36 1.013696508289391409e+36 7.700076046212648507e+05 3.694306283511452493e+05
8.017555962993355934e+01 5.669557699446576019e+36 9.786867984616470772e+35 7.700081171545305988e+05 3.694304964299797430e+05
8.085102959559299052e+01 5.482757677970094195e+36 9.448554538132814658e+35 7.700048699205525918e+05 3.694279666626297403e+05
8.149574724124977365e+01 5.308600092153199557e+36 9.139066524874617462e+35 7.700015392953997944e+05 3.694254028913763468e+05
8.212619260766950902e+01 5.142583566822613519e+36 8.833759858123637867e+35 7.699981772535122000e+05 3.694228280785465613e+05
8.275717699459346477e+01 4.980958206048681173e+36 8.525430542814542221e+35 7.699949696721917717e+05 3.694203525498783565e+05
8.342666821095917840e+01 4.813431331301654527e+36 8.199447797518031663e+35 7.700028419490460074e+05 3.694249947607591748e+05
8.428058384798350744e+01 4.606887337036356731e+36 7.785868287711476770e+35 7.699994164027059451e+05 3.694222348545285058e+05
8.517070223434711806e+01 4.402177493109961956e+36 7.342478417742095218e+35 7.699974323267904110e+05 3.694203802329794271e+05
8.629250869560928550e+01 4.159859016458968911e+36 6.804281317943086402e+35 7.700065932886614464e+05 3.694255569767669076e+05
8.748013084428384900e+01 3.921737302087505900e+36 6.267568943355555912e+35 7.700065508658693871e+05 3.694247623377401032e+05
8.866816873375501018e+01 3.703356766165677400e+36 5.722852280474184701e+35 7.700031026781096589e+05 3.694217728832783177e+05
8.986979215385508724e+01 3.499768981836188907e+36 5.207740501916346000e+35 7.699996751030288870e+05 3.694187881694166572e+05
9.109923734034236986e+01 3.374912425527321461e+36 3.790621535524249104e+35 7.767988614976635436e+05 3.662490930473231710e+05
9.238801235255959909e+01 3.241943792074572743e+36 2.630992856684696719e+35 7.381031750152838649e+05 3.821158924104042817e+05
9.376712258273619227e+01 3.156656178226529792e+36 2.836369778988843693e+35 7.340104569125087000e+05 3.877729843995833653e+05
9.530637892297818325e+01 3.296135916031550210e+36 0.000000000000000000e+00 1.008233760458540055e+06 0.000000000000000000e+00
