# time luminosity u_luminosity radius u_radius
-2.022228305506723700e+01 3.688830851302001879e+35 2.790755164121016439e+34 1.008372478792746668e+06 1.221195078452779903e+01
-1.887769098920398392e+01 3.716795533078974950e+35 2.911490055255942771e+34 1.008374798898387817e+06 1.231512350036929959e+01
-1.620195277813763823e+01 3.834796747372977201e+35 3.029269290786984171e+34 1.008381186109661940e+06 1.324926616957162473e+01
-1.580137999226280954e+01 3.854333950529185784e+35 3.049936307256837795e+34 1.008382276039378368e+06 1.342740660499818084e+01
-1.500424014837335562e+01 3.895471687061848852e+35 3.091367933019413063e+34 1.008384613458084408e+06 1.379234281025050812e+01
-1.341793185902497498e+01 3.986716450260342299e+35 3.198253526686573297e+34 1.008390546396702062e+06 1.324564241522433683e+01
-1.321828230297251139e+01 3.999123696802386145e+35 3.217541834833756607e+34 1.008391349006577628e+06 1.331782341775183376e+01
-1.282097968642483465e+01 4.024368254485187444e+35 3.254356160865324898e+34 1.008393020442391629e+06 1.346316457689438195e+01
-1.203034747949277516e+01 4.077134498551225115e+35 3.320691985344317607e+34 1.008396745679919608e+06 1.382997535377072751e+01
-1.192094218708371045e+01 4.084537578390131186e+35 3.329812729193543947e+34 1.008397293293101946e+06 1.388339947332195656e+01
-1.170322565518290503e+01 4.099732280180584807e+35 3.348032546792214740e+34 1.008398450796393096e+06 1.398327463585704500e+01
-1.126996975670772372e+01 4.132952488809791133e+35 3.412193040405082908e+34 1.008401043843999156e+06 1.428066484831987459e+01
-1.119686394313612254e+01 4.138481826642822039e+35 3.421098729642881953e+34 1.008401500864826259e+06 1.434512525812015049e+01
-1.105138337412790861e+01 4.149615776785281649e+35 3.439117387736318572e+34 1.008402434735749848e+06 1.448263217163739114e+01
-1.076187704179756111e+01 4.172230578822410581e+35 3.475824291785411489e+34 1.008404595594856772e+06 1.453360903292363915e+01
-1.018575944046460791e+01 4.220563296318640658e+35 3.553310255982857979e+34 1.008409398099216865e+06 1.519304116353877809e+01
-9.779559080605395138e+00 4.256489979065753838e+35 3.612168763460126188e+34 1.008413478799063014e+06 1.591395506884618349e+01
-9.445294030767399818e+00 4.287823210861157746e+35 3.669858813937875300e+34 1.008417582617354929e+06 1.678844899800883894e+01
-9.216714725931524299e+00 4.310069052659538081e+35 3.714827584266537732e+34 1.008420978231298155e+06 1.766508098646427527e+01
-8.972451524932694156e+00 4.335899696334579813e+35 3.750302079808496004e+34 1.008425353996420396e+06 1.907330054135934105e+01
-8.818034527997951955e+00 4.352803332424939176e+35 3.786800742878445782e+34 1.008428772316783085e+06 2.031490072355409637e+01
-8.713489821835537441e+00 4.363881420133781674e+35 3.806615848233395835e+34 1.008431626229359303e+06 2.157770761113913593e+01
-8.661701002994959708e+00 4.370070074052146431e+35 3.822666273617742830e+34 1.008433328863472911e+06 2.251038180953492684e+01
-8.654780104006931651e+00 4.371078952957241066e+35 3.825713024690970978e+34 1.008433580420965329e+06 2.265965022453031708e+01
-8.641007515012461226e+00 4.372485578616702185e+35 3.826378674011442755e+34 1.008434099345234223e+06 2.298163281428850624e+01
-8.613600062919431366e+00 4.375323855997573917e+35 3.830395212373687848e+34 1.008435234490413219e+06 2.375925352570684623e+01
-8.562320994722540490e+00 4.381993757932758136e+35 3.841464752869629309e+34 1.008437883832338150e+06 2.601060503521999578e+01
-8.531891658181848470e+00 4.391233995212302918e+35 3.855403791561571290e+34 1.008440014163635904e+06 2.830542128445172878e+01
-8.509027339532622136e+00 4.387755210100496082e+35 3.850712349993258988e+34 1.008441864145169966e+06 3.052045210303161227e+01
-8.488695635307522025e+00 4.392316011374174503e+35 3.884098638456503562e+34 1.008443784263779875e+06 3.298013441533736056e+01
-8.470258713809016626e+00 4.393240226296468986e+35 3.877279888095747075e+34 1.008445679655918502e+06 3.551616634475719536e+01
-8.443335753916471731e+00 4.396093519113594530e+35 3.874910359943967018e+34 1.008448463556494680e+06 3.920817351497034764e+01
-8.416439695334702265e+00 4.400084168799368561e+35 3.881551389747364009e+34 1.008451323791116476e+06 4.290949025618570545e+01
-8.392791889236832503e+00 4.401783832855566749e+35 3.880567673949996650e+34 1.008453917555642547e+06 4.611354326636104872e+01
-8.369859017489943653e+00 4.378599534534302806e+35 4.095971993274587754e+34 1.008456574792942381e+06 4.921530871600986501e+01
-8.351182385922584217e+00 4.412585345121000412e+35 3.952380683444650167e+34 1.008458940900497371e+06 5.172977684389471875e+01
-8.334404367946262937e+00 4.412828569995812333e+35 3.933495414485264502e+34 1.008461440376246697e+06 5.411509692005823524e+01
-8.318953518384660129e+00 4.375481871276697784e+35 3.808436367330148419e+34 1.008464139937302796e+06 5.659983392790888956e+01
-8.305284294219745789e+00 4.413892046156035777e+35 3.895530124661643227e+34 1.008466560555693577e+06 5.891930925314886025e+01
-8.292949611561198253e+00 4.420176117503023869e+35 3.917709994169600249e+34 1.008468746004969347e+06 6.105574308810412276e+01
-8.282783176560769789e+00 4.417944112329613507e+35 3.901484764087663023e+34 1.008470598118833266e+06 6.283830122779950500e+01
-8.274184072906791698e+00 4.418719800062969016e+35 3.911273576526079249e+34 1.008472186334737809e+06 6.435760557687781613e+01
-8.271974146322463639e+00 4.418626572838539939e+35 3.911836877540627036e+34 1.008472591003661975e+06 6.474646819661111863e+01
-8.270140578133577947e+00 4.415094108629029599e+35 3.879294205507567884e+34 1.008472931406444754e+06 6.507080630968312107e+01
-8.267895484023028985e+00 4.418322326122504134e+35 3.912000851772540298e+34 1.008473341190443723e+06 6.546244404147866192e+01
-8.265861595587921329e+00 4.417774162704536489e+35 3.906765716219807501e+34 1.008473712629479473e+06 6.581770967648360227e+01
-8.263981636133394204e+00 4.417073064739676469e+35 3.900113144246969628e+34 1.008474057060572086e+06 6.614717187476854576e+01
-8.262164893669250887e+00 4.419892601170001110e+35 3.929412424050184752e+34 1.008474391185318353e+06 6.646637311891373656e+01
-8.260377657476055901e+00 4.419154382589201595e+35 3.921542375164329858e+34 1.008474720425909269e+06 6.678087614471000677e+01
-8.258579456080042291e+00 4.417956184066882577e+35 3.906762489774786200e+34 1.008475048289684113e+06 6.709312711778410687e+01
-8.256758676463505253e+00 4.418115813838051952e+35 3.906162796197589284e+34 1.008475381018052809e+06 6.741019083705472781e+01
-8.254875800965237431e+00 4.418424047987624520e+35 3.906860919942684546e+34 1.008475726401184103e+06 6.773909024004302637e+01
-8.252917459765740205e+00 4.418813022591011268e+35 3.907712996622282189e+34 1.008476087843725574e+06 6.808175348481184130e+01
-8.250846158050990198e+00 4.419412393220731241e+35 3.910178839046554535e+34 1.008476474587432691e+06 6.844465702118036177e+01
-8.248629700334277004e+00 4.423363623828554134e+35 3.946888091837837907e+34 1.008476890677053016e+06 6.883471316437982068e+01
-8.246226395320263691e+00 4.420734794580130444e+35 3.916783695818841847e+34 1.008477343230848783e+06 6.925855338880541012e+01
-8.243426537614141125e+00 4.422416021497754952e+35 3.930716194212559518e+34 1.008477885641281260e+06 6.976029317865435075e+01
-8.242049750791920815e+00 4.425430721781479112e+35 3.961440809849672965e+34 1.008478155884887907e+06 7.000898377223325042e+01
-8.240910669235745445e+00 4.423764511635375247e+35 3.942340799634440837e+34 1.008478378344559576e+06 7.021452606654513318e+01
-8.238643896940629929e+00 4.422416324699220087e+35 3.926346953240470122e+34 1.008478821643213276e+06 7.062471900745730125e+01
-8.234277496427239385e+00 4.423611139127920118e+35 3.931815616881031377e+34 1.008479680356613710e+06 7.141539922226560577e+01
-8.229973278030229267e+00 4.424267831487895553e+35 3.933828785342739732e+34 1.008480527598649496e+06 7.219161075945996231e+01
-8.226271088526118547e+00 4.427283308909576251e+35 3.958816621821708984e+34 1.008481257979230606e+06 7.286076622952123216e+01
-8.221687127639597747e+00 4.428272147535210654e+35 3.949149369122359562e+34 1.008482170206245035e+06 7.367721506656195629e+01
-8.216708226980699692e+00 4.427549778737564963e+35 3.923432051674891260e+34 1.008483155182015151e+06 7.456645170133890588e+01
-8.211151638010051101e+00 4.427885633692296543e+35 3.924662454151997840e+34 1.008484270387118682e+06 7.556166893827040099e+01
-8.205431203670741525e+00 4.432389059714217450e+35 3.987011577362237751e+34 1.008485429547238746e+06 7.658222642596911101e+01
-8.200795888304128312e+00 4.422767296385740562e+35 3.959194069836339734e+34 1.008486396251347614e+06 7.740144362182547866e+01
-8.194976391816453543e+00 4.428151259122535063e+35 3.929088459573938329e+34 1.008487634802497691e+06 7.842733690034437188e+01
-8.189065977137943264e+00 4.420856998042297895e+35 3.992711925444117406e+34 1.008488969866940053e+06 7.945572036028256946e+01
-8.182875189930200577e+00 4.435918118504376216e+35 3.969187106127984275e+34 1.008490596300592646e+06 8.050991180204376008e+01
-8.176236814564617816e+00 4.434168613365635166e+35 3.961165996547816679e+34 1.008492601993906079e+06 8.168565563137850916e+01
-8.169055634258256759e+00 4.431221484541622115e+35 3.953819648817646465e+34 1.008494458524237620e+06 8.303315294995570639e+01
-8.163580458371143322e+00 4.439022658498393431e+35 3.968890977348552879e+34 1.008495748791506630e+06 8.406565728111760905e+01
-8.154848579870304093e+00 4.433914339611842549e+35 3.944523172180887321e+34 1.008497652251912747e+06 8.569571118329433546e+01
-8.145330615916464012e+00 4.437106857036898969e+35 3.936259907945126641e+34 1.008499647366127116e+06 8.747328230532997395e+01
-8.134471213852521032e+00 4.439179356967584030e+35 3.940131791377415766e+34 1.008501861685289186e+06 8.949787563048020900e+01
-8.121896079093858134e+00 4.442349575000432654e+35 3.950196535538339216e+34 1.008504388210717356e+06 9.183930573590428992e+01
-8.107001157768536359e+00 4.447043119892710238e+35 3.975662099737144248e+34 1.008507366147813620e+06 9.461775817623512808e+01
-8.089033774180279579e+00 4.452416514480087981e+35 3.999120809183068225e+34 1.008510963764101849e+06 9.798552041706244609e+01
-8.067457416276738513e+00 4.461199886122915159e+35 4.051250983514299937e+34 1.008515316437751055e+06 1.020626612787077221e+02
-8.042941467196214944e+00 4.471956473260187219e+35 4.125432099624562847e+34 1.008520318395121256e+06 1.067718126105039147e+02
-8.016790718254924286e+00 4.490054677797474238e+35 4.243001638053970705e+34 1.008525784961536876e+06 1.119169570934844415e+02
-7.988321613753214478e+00 4.517213404681287857e+35 4.449962690649053028e+34 1.008531907770045917e+06 1.176643812880623727e+02
-7.956097471214889083e+00 4.548513877550958037e+35 4.900020267725824509e+34 1.008539124762439402e+06 1.243525579275179211e+02
-7.922595081676263362e+00 4.599780785963621214e+35 5.563367974951972500e+34 1.008547091786121251e+06 1.315416216894113290e+02
-7.890961140838044230e+00 4.666179478414772603e+35 6.437304717640724314e+34 1.008555303414179245e+06 1.384562678481119633e+02
-7.861467210626869928e+00 4.746530772032406391e+35 7.656525881849223721e+34 1.008564221533892443e+06 1.447477451266330775e+02
-7.833930957072880119e+00 4.847853863025851099e+35 9.072433432067062250e+34 1.008573108705703868e+06 1.509658248711521367e+02
-7.807802817646006588e+00 4.956902763538767131e+35 1.082576802476669418e+35 1.008581824666803237e+06 1.571269025298142026e+02
-7.783735657641955186e+00 5.079688805876393099e+35 1.277785297968923984e+35 1.008591707435201271e+06 1.617114171589440161e+02
-7.761497578525450081e+00 5.220976125103562826e+35 1.478410481626163128e+35 1.008601397251763148e+06 1.663272861988310751e+02
-7.740460308632464148e+00 5.375900070638015175e+35 1.704478396548868545e+35 1.008610387946408475e+06 1.714211402205330899e+02
-7.720095724733255338e+00 5.543480479848014589e+35 1.953102375512169825e+35 1.008619120427597198e+06 1.766973781339748939e+02
-7.701540703703358304e+00 5.717787477608533722e+35 2.202728083381201849e+35 1.008627193697103765e+06 1.817361622472124623e+02
-7.684469176150741987e+00 5.897060156929711026e+35 2.455866230007487991e+35 1.008634921678552870e+06 1.864557390497074039e+02
-7.668461926143208984e+00 6.083738447181018568e+35 2.715131087963000888e+35 1.008642964487163816e+06 1.906494752330772258e+02
-7.653232261684024706e+00 6.281016535507019646e+35 2.976244225733688192e+35 1.008650345835990738e+06 1.950771589305996940e+02
-7.638562751824792940e+00 6.540076855155076085e+35 3.215052258484712824e+35 1.008657328515457455e+06 1.996080581983690649e+02
-7.624234525377687532e+00 6.700175191811237984e+35 3.530903693544983048e+35 1.008664194571656524e+06 2.041957411152312432e+02
-7.610159819472755771e+00 6.927872692162341739e+35 3.826696715101975074e+35 1.008670953363579931e+06 2.088582605842766213e+02
-7.596142377173237037e+00 7.172082820029256674e+35 4.138715859728253615e+35 1.008677769717295771e+06 2.136389312196793924e+02
-7.582066880531783681e+00 7.436468302707296980e+35 4.472151525539567177e+35 1.008684692268309998e+06 2.185322184707742679e+02
-7.567812931505613960e+00 7.723114730041332507e+35 4.828591423572564337e+35 1.008691805125288200e+06 2.235862703475827118e+02
-7.553261580324033275e+00 8.038332905505392893e+35 5.213063617442141131e+35 1.008699183952825144e+06 2.288485774885054695e+02
-7.538296781160170212e+00 8.385793896484137905e+35 5.637053872856034594e+35 1.008706900934341946e+06 2.343675543949805444e+02
-7.522811262446339242e+00 8.774688453465782071e+35 6.101637818456587804e+35 1.008715057514733751e+06 2.401901259682849172e+02
-7.506501365918666124e+00 9.215744995404761596e+35 6.621812396532547733e+35 1.008723826564829680e+06 2.464438156721950293e+02
-7.489282979411655106e+00 9.719670450758776103e+35 7.205480638317834324e+35 1.008733262431380805e+06 2.531672044954389378e+02
-7.471168742253212258e+00 1.029757001265170026e+36 7.860657772828731611e+35 1.008743415734969894e+06 2.603645689613983336e+02
-7.452262242935830727e+00 1.094236505966298068e+36 8.596979108466062475e+35 1.008754285900439485e+06 2.680082677837208962e+02
-7.433527998240606394e+00 1.164185354734134261e+36 9.374287832761222776e+35 1.008765329266276443e+06 2.757103814440439464e+02
-7.415148479303752538e+00 1.238702338570027991e+36 1.018508617969711972e+36 1.008776428865645430e+06 2.833903798641808294e+02
-7.397291629909886979e+00 1.317000434739938272e+36 1.102369142170963308e+36 1.008787478755758959e+06 2.909530245421809695e+02
-7.379389984722365625e+00 1.401690826483178166e+36 1.191701856174357512e+36 1.008798810473151156e+06 2.986368425294599547e+02
-7.361791171999357175e+00 1.491398349390407649e+36 1.284203243202590329e+36 1.008810189546229318e+06 3.062740633577631684e+02
-7.344102763039700221e+00 1.588554252969433921e+36 1.382462106083071191e+36 1.008821898264755844e+06 3.139964251649911375e+02
-7.326557561369554605e+00 1.692018981227323498e+36 1.485589940443404587e+36 1.008833775123314932e+06 3.216968474343393041e+02
-7.309104559863044415e+00 1.802497600932456703e+36 1.593399261160433973e+36 1.008845914810359594e+06 3.293126510925503112e+02
-7.288667998458549846e+00 2.015411396845753921e+36 1.685072291307483869e+36 1.008861209591531428e+06 3.373928857979485088e+02
-7.267894419004733209e+00 2.094648553718191924e+36 1.871096217847824575e+36 1.008879009084468242e+06 3.436166314966652067e+02
-7.246126875477784779e+00 2.267990475290036744e+36 2.031491258403862989e+36 1.008899426858528168e+06 3.491094960269703051e+02
-7.223347950413881335e+00 2.463891457437117339e+36 2.210128867690398978e+36 1.008920762177180732e+06 3.549079938542983541e+02
-7.198275066024507396e+00 2.697684888661366106e+36 2.420705469298991481e+36 1.008943202035926282e+06 3.630471200624975836e+02
-7.170871708556660451e+00 2.976716156030611962e+36 2.667340730487167045e+36 1.008970883243424585e+06 3.693942410793136446e+02
-7.140863406784774270e+00 3.311277564828145926e+36 2.957760871375095882e+36 1.009006199924664688e+06 3.709896731256714588e+02
-7.107161150983301923e+00 3.723617244842742666e+36 3.311417533752694036e+36 1.009045272780694766e+06 3.759139770932926012e+02
-7.072017536687781103e+00 4.201870383983818562e+36 3.709081064035605250e+36 1.009083618174769683e+06 3.847236140413753560e+02
-7.030307141074445099e+00 4.842490883400039605e+36 4.213838624402617138e+36 1.009130131799463416e+06 3.954524656102788640e+02
-6.987751224238309078e+00 5.601970924183921850e+36 4.746301701349861858e+36 1.009179932610345306e+06 4.052950243282467682e+02
-6.944267396698705852e+00 6.516338948478268338e+36 5.287475465865466738e+36 1.009242152187478961e+06 4.008446216213953903e+02
-6.904408201313344762e+00 7.478914305588021662e+36 5.788619465429027883e+36 1.009294860330374446e+06 4.043795785951394919e+02
-6.862986226122302469e+00 8.594404495654789474e+36 6.333832360761966067e+36 1.009357688609535107e+06 3.915333127520206062e+02
-6.821975531733187381e+00 9.828806412643986795e+36 6.873185312414163560e+36 1.009430543463978101e+06 3.579178895275678087e+02
-6.779835159089998342e+00 1.123648522150815935e+37 7.428035203996538436e+36 1.009496036502938368e+06 3.413643414109806145e+02
-6.735173102446424309e+00 1.289477724098385724e+37 7.986547034280224263e+36 1.009563643733712146e+06 3.266391519808237263e+02
-6.692451421396981459e+00 1.467295084159559336e+37 8.432813851423074076e+36 1.009628880209944909e+06 3.104843309344640829e+02
-6.651186380855506286e+00 1.656181485263028012e+37 8.768772992822941579e+36 1.009691644577833940e+06 2.942225714768298417e+02
-6.609655316176940687e+00 1.861395412827491485e+37 9.022292362663374643e+36 1.009753717869536486e+06 2.786231063568682771e+02
-6.566968860621273052e+00 2.086707804818465105e+37 9.191575010279826055e+36 1.009816291351431981e+06 2.633777852982983063e+02
-6.525941327272448689e+00 2.316179531243428197e+37 9.259521589944130615e+36 1.009875270454344107e+06 2.493258605518829540e+02
-6.484807308210292831e+00 2.556722635877861038e+37 9.248045866289478348e+36 1.009933188842579257e+06 2.359528467280081827e+02
-6.444052022314281203e+00 2.803343952660125607e+37 9.175551298631892761e+36 1.009989297018666985e+06 2.235056864233367264e+02
-6.403494539626990445e+00 3.055008301975667958e+37 9.058721503422507425e+36 1.010043858281665598e+06 2.118670928889714844e+02
-6.363121446935110725e+00 3.310275033875789883e+37 8.906550900459543855e+36 1.010096935830516275e+06 2.009297061946939777e+02
-6.322820908913854510e+00 3.568456724202927428e+37 8.726760755087643339e+36 1.010148704624080681e+06 1.905944077561103143e+02
-6.282432845342555083e+00 3.829424583114566888e+37 8.526134976752466259e+36 1.010199377067021327e+06 1.807724578554146433e+02
-6.241642463624884840e+00 4.094171450672333306e+37 8.309045420671414488e+36 1.010249345932111144e+06 1.713796987594885195e+02
-6.201121172714920249e+00 4.357291840244666194e+37 8.086467526102584492e+36 1.010297798784913030e+06 1.625718997004897517e+02
-6.159811754296242725e+00 4.624617186116396818e+37 7.860106483986477395e+36 1.010345928157599177e+06 1.541756621004120973e+02
-6.118043148540891707e+00 4.892959065724445369e+37 7.642938858273044315e+36 1.010393352654308081e+06 1.462915885649537984e+02
-6.076767007856687997e+00 5.155231986855315981e+37 7.447677424048763838e+36 1.010438931223060586e+06 1.391491591367982323e+02
-6.034193531711935066e+00 5.421790307083077946e+37 7.276801417419707444e+36 1.010484614880455891e+06 1.325097586539784800e+02
-5.988740200889878906e+00 5.701098681333766669e+37 7.139077303726521067e+36 1.010531900194419315e+06 1.263306574000956886e+02
-5.944587665610015392e+00 5.966264813446347365e+37 7.053743291061163043e+36 1.010576352115375106e+06 1.212050440774195152e+02
-5.901027459731267300e+00 6.221565142686012985e+37 7.022823869290505306e+36 1.010618828795746551e+06 1.170723522143774460e+02
-5.856418429561017547e+00 6.475864647181577725e+37 7.045590890715778553e+36 1.010660897369915270e+06 1.137940914887882116e+02
-5.809251622260489967e+00 6.736387710947157668e+37 7.122381826771031005e+36 1.010703824543514522e+06 1.112586725917007300e+02
-5.757880976307205856e+00 7.010250767373894434e+37 7.265486962558195746e+36 1.010748839301224682e+06 1.096358268570778876e+02
-5.703847596108971629e+00 7.286836574421092723e+37 7.470533714946672249e+36 1.010794271940401755e+06 1.090534286119392249e+02
-5.652748516891733743e+00 7.537506646703539743e+37 7.699982939024208615e+36 1.010835488460874767e+06 1.093762253475262298e+02
-5.602337703006924130e+00 7.774714162666320407e+37 7.948803205965868586e+36 1.010874590038184426e+06 1.103513144555671772e+02
-5.551108073290379252e+00 8.005734530280357317e+37 8.215830759545560454e+36 1.010912816339051118e+06 1.118981781322863753e+02
-5.497684971720445901e+00 8.235892863468759560e+37 8.496797473572391655e+36 1.010951103275659028e+06 1.139041296721246823e+02
-5.440593806510150898e+00 8.470454543614146024e+37 8.794267605577368133e+36 1.010990382767056581e+06 1.163623142484726287e+02
-5.378084281197516248e+00 8.714379578379832631e+37 9.103656972846019584e+36 1.011031578990938026e+06 1.192028032173545569e+02
-5.307917188001738396e+00 8.973515956318855032e+37 9.427996447062734275e+36 1.011075807242416078e+06 1.224817840799174462e+02
-5.239175292008440010e+00 9.213390441231912655e+37 9.714669300040928990e+36 1.011117261281508952e+06 1.256264404262871608e+02
-5.173637038045853842e+00 9.430323428417177679e+37 9.958314400549499843e+36 1.011155249153227196e+06 1.284964625767725011e+02
-5.109016053283994552e+00 9.634303400667583924e+37 1.016885163445520565e+37 1.011191449360853294e+06 1.311577234445808813e+02
-5.043729208809963893e+00 9.831295752396750816e+37 1.035337345164887502e+37 1.011226904984859983e+06 1.336759115140998517e+02
-4.976377332997799385e+00 1.002645908470754120e+38 1.051865473437884056e+37 1.011262540967755602e+06 1.361332142743791849e+02
-4.905552469841495622e+00 1.022384372954815638e+38 1.066621821808730315e+37 1.011299145570839173e+06 1.385705613895890735e+02
-4.829661563016998116e+00 1.042787459914314662e+38 1.079817091847234778e+37 1.011337603474701289e+06 1.410605939998315250e+02
-4.746676035516429693e+00 1.064388337852998963e+38 1.092000470906418602e+37 1.011379025644750567e+06 1.437337840422740669e+02
-4.654045228060567752e+00 1.087858225893958673e+38 1.103715685719000405e+37 1.011424838577989722e+06 1.467775112164206064e+02
-4.553009563671366777e+00 1.112898864066267592e+38 1.115118698348312462e+37 1.011474663175612106e+06 1.503051606057384504e+02
-4.459521705386578105e+00 1.135771927688070549e+38 1.125344529633427240e+37 1.011520962173468200e+06 1.538864046718646250e+02
-4.369264228800602723e+00 1.157747178476610190e+38 1.135814713196257445e+37 1.011566102104948950e+06 1.577308816377157541e+02
-4.279914466533227824e+00 1.179512636540113163e+38 1.147265480508747199e+37 1.011611408733393415e+06 1.620054959988869143e+02
-4.189718767258455046e+00 1.201587456620729232e+38 1.160505237187079247e+37 1.011657898744145059e+06 1.668692193339841197e+02
-4.097153041293495335e+00 1.224438495924108977e+38 1.176276246612844626e+37 1.011706558554713381e+06 1.724929412857731279e+02
-4.000714444518962409e+00 1.248507322142444507e+38 1.195420145169263707e+37 1.011758342501147417e+06 1.790891651271283536e+02
-3.898721747456875164e+00 1.274303337214202872e+38 1.219029897287999688e+37 1.011814408983971574e+06 1.869446443916812939e+02
-3.789172430122562218e+00 1.302420702799823504e+38 1.248425706915784610e+37 1.011876129047040245e+06 1.964127629016953733e+02
-3.669539113099745009e+00 1.333589554416545315e+38 1.285265966709695684e+37 1.011945297944262275e+06 2.080096867783952064e+02
-3.536500876391073689e+00 1.368755161578398223e+38 1.332056793050469034e+37 1.012024294914636412e+06 2.225377042063754516e+02
-3.389170374801324215e+00 1.408175187036029110e+38 1.390469221951965707e+37 1.012114164198606974e+06 2.406996858742839436e+02
-3.253726653572812211e+00 1.444684809382343333e+38 1.449529948028594740e+37 1.012198750404779566e+06 2.593082968244081599e+02
-3.123811227909754962e+00 1.479762291981213840e+38 1.510311165007182842e+37 1.012281147613503621e+06 2.786793184177256535e+02
-2.996138676477130502e+00 1.514123941351666370e+38 1.573456005582725467e+37 1.012363149930610438e+06 2.992658074124287282e+02
-2.868359321633761283e+00 1.548221983857028958e+38 1.639459457179038756e+37 1.012445890828879084e+06 3.213514277488141602e+02
-2.738562009966699407e+00 1.582378688713035389e+38 1.708719051238341223e+37 1.012530136638923548e+06 3.451566791924921631e+02
-2.604982121651119087e+00 1.616782528431042169e+38 1.781311854233458278e+37 1.012616495440448867e+06 3.709225768108407237e+02
-2.465779695456149057e+00 1.651614876102375764e+38 1.857556393183440336e+37 1.012705609094018466e+06 3.989726892359351496e+02
-2.318851118630846031e+00 1.687064712034921106e+38 1.937726172159852688e+37 1.012798183177039376e+06 4.297134145777746426e+02
-2.161672296395408921e+00 1.723235046909517421e+38 2.022514121728632798e+37 1.012894787490826449e+06 4.636818933748509153e+02
-1.990932220163813327e+00 1.760152968057721258e+38 2.110990847163439691e+37 1.012995656112701050e+06 5.008572815565123051e+02
-1.802298740178230219e+00 1.797732388896131716e+38 2.202982539202772231e+37 1.013100783057386638e+06 5.416506001578503628e+02
-1.589692236040718853e+00 1.835820454788504651e+38 2.297590793982698151e+37 1.013209969303689781e+06 5.862037008822502457e+02
-1.385572386410785839e+00 1.867912772569172269e+38 2.377620332770780336e+37 1.013303844887141138e+06 6.262242763751413577e+02
-1.191356151117361151e+00 1.894351030656942947e+38 2.443947089482308681e+37 1.013381856977501418e+06 6.611708325299063063e+02
-1.001303770332015119e+00 1.916212887019267662e+38 2.498635829151304620e+37 1.013446250827746233e+06 6.911626693621144568e+02
-8.116436379423248582e-01 1.934189891759622019e+38 2.543403721960667926e+37 1.013498489947000402e+06 7.165363871625056618e+02
-6.193833455618005246e-01 1.948584933403927334e+38 2.579149926103011551e+37 1.013538090589540079e+06 7.365106635484014532e+02
-4.218694882511044852e-01 1.959386438652133521e+38 2.605744406222045474e+37 1.013564478522873018e+06 7.507058388299333274e+02
-2.164088635763619095e-01 1.966189567197473803e+38 2.623370162902483743e+37 1.013575627951126546e+06 7.583966128247725464e+02
0.000000000000000000e+00 1.968741536768292202e+38 2.629796425469967790e+37 1.013570065486576292e+06 7.582245209215353725e+02
2.309086271707201377e-01 1.966141282739877183e+38 2.624372782788638694e+37 1.013544674289922230e+06 7.487756856185944798e+02
4.809263853603624739e-01 1.957958109762138295e+38 2.603339171224405237e+37 1.013497528634154471e+06 7.290928744759371511e+02
7.563055846330826171e-01 1.942832271250147315e+38 2.563534584623671180e+37 1.013424992820584681e+06 6.976150437318467539e+02
1.065693292854120955e+00 1.918989714183555725e+38 2.498731242122449102e+37 1.013322065282322583e+06 6.525635671447184905e+02
1.421934793601394631e+00 1.883914437033483374e+38 2.401320629583144833e+37 1.013183597607895266e+06 5.927915664275844847e+02
1.762824163779441733e+00 1.844249663365754255e+38 2.289077455654045564e+37 1.013038997371305944e+06 5.321651580856698729e+02
2.093415915216610301e+00 1.801562900224060191e+38 2.168331833725982420e+37 1.012894123775555170e+06 4.742983868134252816e+02
2.422875600430415943e+00 1.755950746895412097e+38 2.039267531956513110e+37 1.012748883704030421e+06 4.184806505746751100e+02
2.757696280903473962e+00 1.707827940785077839e+38 1.905740829852942970e+37 1.012604786361274542e+06 3.662639597714841670e+02
3.103508784173754975e+00 1.657393454975696999e+38 1.770407535332602550e+37 1.012462006598616950e+06 3.179321356419123958e+02
3.465865141966787633e+00 1.604990914766140668e+38 1.635436718554937967e+37 1.012321290937318467e+06 2.736793870026420450e+02
3.850799958250718191e+00 1.550951852583649852e+38 1.501764831945353472e+37 1.012183165453284979e+06 2.335955989126991881e+02
4.265426540980115533e+00 1.495495341064303592e+38 1.370190323867542706e+37 1.012047586506097461e+06 1.975818726891976382e+02
4.659532158635556698e+00 1.446131845613583413e+38 1.257969073051724443e+37 1.011931422925509163e+06 1.695889392437819652e+02
5.015576667581626680e+00 1.404668754237954736e+38 1.168596254292782045e+37 1.011836609713050653e+06 1.489842541819493817e+02
5.336159285412577447e+00 1.369797223622750936e+38 1.097317840351673004e+37 1.011758512515243492e+06 1.336171089337888702e+02
5.623802899848669767e+00 1.340526748018149326e+38 1.040896180068412792e+37 1.011694002235917607e+06 1.222171808346006969e+02
5.881750159853254445e+00 1.315820971604840916e+38 9.957858844415055699e+36 1.011640195184470620e+06 1.135153013898186316e+02
6.112977341050282121e+00 1.295071625337595052e+38 9.597513521690613833e+36 1.011595408790290472e+06 1.068575917859466955e+02
6.320505026997125242e+00 1.277246420229383359e+38 9.299081363605153196e+36 1.011557197167178383e+06 1.014542711442125125e+02
6.507000274104939308e+00 1.262069651573458972e+38 9.055004426217246428e+36 1.011524891439057654e+06 9.731128531953984862e+01
6.674953334273595829e+00 1.248894844511601953e+38 8.853551190276620881e+36 1.011496859377776505e+06 9.387863766869473636e+01
6.826193485743715428e+00 1.237403982851277387e+38 8.679767087435554365e+36 1.011472469735138351e+06 9.103441312179658951e+01
6.962500431305670645e+00 1.227504633182714150e+38 8.532156515166844750e+36 1.011451503309150110e+06 8.878135312699238568e+01
7.085224900591128971e+00 1.218797785326856276e+38 8.409693914302986358e+36 1.011433091668776120e+06 8.688202522507390313e+01
7.195541694680287037e+00 1.211140626263442440e+38 8.300593163944596058e+36 1.011416915473341942e+06 8.523312174824253873e+01
7.294545966418809257e+00 1.204404003607853773e+38 8.213563842045808792e+36 1.011402705463333754e+06 8.394435155543688154e+01
7.383462493191473186e+00 1.198467946907442403e+38 8.140313657888788683e+36 1.011390195054648793e+06 8.287026566800146554e+01
7.465040482740732841e+00 1.193158869749445360e+38 8.076136203354998687e+36 1.011379023055697209e+06 8.204002142376714346e+01
7.545386361729470082e+00 1.187997052060017149e+38 8.014663039868860581e+36 1.011368169130434981e+06 8.129937754555206197e+01
7.668706722390197683e+00 1.180262180890575496e+38 7.930624972487252471e+36 1.011351948233902338e+06 8.016535119607540594e+01
7.836807338819198776e+00 1.169905278195972005e+38 7.834102810629824295e+36 1.011330280913167633e+06 7.882448766696234088e+01
8.026195884784101509e+00 1.158730965233994473e+38 7.740615877857403766e+36 1.011306992803250789e+06 7.771527710147164214e+01
8.241655731202627067e+00 1.146529809395015895e+38 7.654232920902894906e+36 1.011281578677672776e+06 7.678076438059973441e+01
8.485978886783414055e+00 1.133317155041989675e+38 7.576578222660534348e+36 1.011254164978282177e+06 7.571609270247608947e+01
8.767460152346757241e+00 1.118933450838823114e+38 7.495531761196768101e+36 1.011224104803594644e+06 7.488115143177559219e+01
9.102000401515397243e+00 1.102858619794155562e+38 7.421213918030817501e+36 1.011190614381479332e+06 7.398487274582484474e+01
9.512970759686140809e+00 1.084575191411793998e+38 7.341209686717040875e+36 1.011152309908953961e+06 7.282449619493685589e+01
1.004545702962786891e+01 1.062453087179710543e+38 7.192292559369978749e+36 1.011105677565334714e+06 7.047535591072345085e+01
1.069388192622136557e+01 1.037245115053344030e+38 6.894452114565069556e+36 1.011052482739499188e+06 6.605135689618931849e+01
1.135017800662171794e+01 1.013752394573254896e+38 6.561569732231159117e+36 1.011002995493991068e+06 6.194706713915464036e+01
1.203103532670502318e+01 9.913953297943535029e+37 6.254267896842048758e+36 1.010955808921685326e+06 5.881891709497521248e+01
1.272323776053963229e+01 9.704787955590016893e+37 6.008458710278274350e+36 1.010911354955506860e+06 5.644917084150466025e+01
1.342793517315294594e+01 9.507806322226564380e+37 5.821404303119676538e+36 1.010869114316206891e+06 5.451666575681247906e+01
1.414131824187643360e+01 9.317729653696496164e+37 5.692802131003802014e+36 1.010828282928038039e+06 5.253031788686122638e+01
1.487002901930100052e+01 9.132549534451845539e+37 5.593885202220736163e+36 1.010788539771478041e+06 5.073852438336478343e+01
1.560003128265088890e+01 8.956091310477926596e+37 5.494835406770855506e+36 1.010750580018092296e+06 4.925817977244314960e+01
1.634605485156498617e+01 8.781896365852463560e+37 5.386244017989613478e+36 1.010713187101760996e+06 4.750779569521139223e+01
1.710900755989132449e+01 8.608789017497369714e+37 5.265423635772608836e+36 1.010676032035900163e+06 4.588899246662970910e+01
1.788251404208131135e+01 8.438808677327068001e+37 5.129397111387107679e+36 1.010639525921205408e+06 4.474895765728693675e+01
1.866919935728219571e+01 8.269160813069754654e+37 4.960764616749107253e+36 1.010603228752183961e+06 4.458578062886979154e+01
1.946962709684885340e+01 8.099799396911753737e+37 4.762215647943608793e+36 1.010567235070621595e+06 4.541397354001411912e+01
2.026447376967553282e+01 7.937681357471851138e+37 4.574600714067784647e+36 1.010532910005032318e+06 4.647585617107257150e+01
2.098776699454174377e+01 7.796255644282945639e+37 4.417530183419935584e+36 1.010502882668382954e+06 4.718485911034005653e+01
2.163788188296894077e+01 7.674095054889887094e+37 4.288133455350796654e+36 1.010476811204724014e+06 4.734921919773427135e+01
2.222294072702061385e+01 7.567823305993550647e+37 4.180776397340839972e+36 1.010453962081287405e+06 4.736292882990414199e+01
2.274768679570115637e+01 7.474818396629354191e+37 4.087621455770694452e+36 1.010433981469812687e+06 4.737075503564746981e+01
2.321878264370752731e+01 7.393164039626183606e+37 4.002490899271527637e+36 1.010416334438182646e+06 4.729807790615034691e+01
2.364228476097923703e+01 7.320490305365329353e+37 3.920447377403863138e+36 1.010400640405642916e+06 4.716419884295974185e+01
2.402427748695481569e+01 7.255779236097058312e+37 3.844583351755427230e+36 1.010386685302127735e+06 4.701533901708051388e+01
2.437043593420821708e+01 7.199417574709859391e+37 3.758415730887311170e+36 1.010374559828898287e+06 4.711905571941822757e+01
2.468581904729944654e+01 7.149075882108540908e+37 3.680339106405240595e+36 1.010363697845503455e+06 4.732790092238398927e+01
2.497474130889895605e+01 7.102278718699482316e+37 3.621337951319005813e+36 1.010353566883391119e+06 4.741757480124910984e+01
2.524099664237292018e+01 7.059255041402438682e+37 3.570586777813184723e+36 1.010344235654348158e+06 4.747607570376104036e+01
2.548748043958767084e+01 7.019608562490459964e+37 3.526668977315656156e+36 1.010335643295727787e+06 4.749630972453086031e+01
2.571648808634199668e+01 6.983209113860019372e+37 3.488553593039974912e+36 1.010327750502805342e+06 4.754521777131014915e+01
2.593372517683746992e+01 6.948838634036774935e+37 3.452566702957657345e+36 1.010320297602765844e+06 4.760585091069030028e+01
2.615013972630549688e+01 6.914659433056910077e+37 3.417983119363054403e+36 1.010312886200351059e+06 4.765796445410193627e+01
2.645839824296126608e+01 6.866285496122791632e+37 3.376744177341749034e+36 1.010302386199921137e+06 4.769320721980308520e+01
2.672164031460124534e+01 6.825561810321522378e+37 3.343393377204253462e+36 1.010293517147670267e+06 4.775733734615042181e+01
2.705216329691756982e+01 6.774244474060701364e+37 3.303119420886861454e+36 1.010282382331735338e+06 4.785812839220927373e+01
2.746511921686760616e+01 6.710439547380170736e+37 3.258419202571410592e+36 1.010268562565297238e+06 4.793726207337847711e+01
2.801271394503419288e+01 6.625479658404917131e+37 3.205855984462198536e+36 1.010250262949161930e+06 4.792751766579686290e+01
2.880591998242744012e+01 6.502955814450791761e+37 3.137567317472975543e+36 1.010224148554963642e+06 4.765140845704505068e+01
2.991944459245132748e+01 6.334327042785912418e+37 3.050528917224174943e+36 1.010188442267267848e+06 4.707580212056199542e+01
3.103627581566252047e+01 6.170147594631793437e+37 2.999074470809931016e+36 1.010153558278414537e+06 4.652654095226960607e+01
3.222499174788390519e+01 6.003153245356022372e+37 2.960764911736802227e+36 1.010118235948510934e+06 4.630935834545793028e+01
3.346247159961785655e+01 5.843232974936496152e+37 2.919752053901557459e+36 1.010083987198830699e+06 4.671316461854130608e+01
3.475719150165241444e+01 5.684322179556233652e+37 2.844696969253299419e+36 1.010049466981658596e+06 4.635110771641158323e+01
3.611416682722483529e+01 5.526931385477160518e+37 2.740824225898820285e+36 1.010014963282529730e+06 4.573727514788825488e+01
3.754023388939094730e+01 5.370121160188706058e+37 2.634489386262891679e+36 1.009980367175964289e+06 4.542775919854953059e+01
3.903918396302469773e+01 5.213342533045478367e+37 2.522495158120249750e+36 1.009945749531840556e+06 4.571582767199160457e+01
4.043646738894312875e+01 5.074269483066671254e+37 2.401140244738304402e+36 1.009914553881628788e+06 4.630411871721001660e+01
4.170275364163535414e+01 4.952118254093534155e+37 2.286501007512248539e+36 1.009887067766049411e+06 4.695454051387108763e+01
4.284623575272416929e+01 4.845831239623149479e+37 2.190806108723568062e+36 1.009863093310417258e+06 4.776490976233323948e+01
4.387612275624996983e+01 4.753249454494425766e+37 2.113469550043244630e+36 1.009842030250580516e+06 4.859169666279394306e+01
4.480210385331156431e+01 4.670519498544287567e+37 2.061590150569153924e+36 1.009823281517742784e+06 4.952341662656082377e+01
4.563457675544486847e+01 4.598357455822105276e+37 2.016856135673414131e+36 1.009806871285463683e+06 5.028993574469345873e+01
4.638397566552157514e+01 4.534099521489968388e+37 1.982144412221759780e+36 1.009792151510101045e+06 5.102756787119508886e+01
4.706103481412719702e+01 4.477984023444833421e+37 1.948545260976833088e+36 1.009779233066843939e+06 5.157421384487678750e+01
4.767631129951041657e+01 4.427759991797745186e+37 1.913174389679094270e+36 1.009767621205841191e+06 5.203440686317025410e+01
4.823995872728119139e+01 4.382963186144372464e+37 1.879767159037904371e+36 1.009757125370245194e+06 5.246627543237101321e+01
4.876176869282789994e+01 4.342512860784061930e+37 1.849023791847356999e+36 1.009747536102049751e+06 5.286964577138702026e+01
4.925105043219809886e+01 4.304712737325252227e+37 1.820282903730893706e+36 1.009738566098012263e+06 5.325826829148329011e+01
4.971576216522225877e+01 4.269134420281043530e+37 1.794330427968722111e+36 1.009730098105736775e+06 5.366306449857579963e+01
5.016527890417637536e+01 4.234793487023883831e+37 1.770308801474826954e+36 1.009721917106103967e+06 5.408070631030448538e+01
5.061504208054248011e+01 4.200890434801588583e+37 1.746234997082638980e+36 1.009713874416236067e+06 5.468312265646786585e+01
5.110752110822795657e+01 4.167211685735681608e+37 1.723476508672353142e+36 1.009705556405550567e+06 5.604312176234145682e+01
5.208755437332001748e+01 4.093064089458566969e+37 1.699273045009138574e+36 1.009688051746240933e+06 5.704646043742651784e+01
5.276583549376664450e+01 4.041571788643315339e+37 1.668205948148260060e+36 1.009675961775846430e+06 5.795792095758735485e+01
5.411561492345936131e+01 3.938187700768663881e+37 1.653027226725550695e+36 1.009651715154651436e+06 5.921924008980328580e+01
5.537172855222161161e+01 3.839342782982720775e+37 1.626014547722625894e+36 1.009628702302628779e+06 6.092612045933881859e+01
5.664742408623715164e+01 3.738019429645863813e+37 1.598980577989022364e+36 1.009605155886807013e+06 6.249083341471451547e+01
5.788615764361748006e+01 3.641745186207888280e+37 1.570856419810444138e+36 1.009582736489263829e+06 6.458107120990075600e+01
5.910105916517932201e+01 3.549714143837938915e+37 1.559638530956818723e+36 1.009561167606029427e+06 6.738222514358837145e+01
6.029309301530884113e+01 3.461668701460841848e+37 1.565849642668916933e+36 1.009540594451659010e+06 7.079532255526245876e+01
6.146515883200481767e+01 3.375219019941272082e+37 1.593065806915343135e+36 1.009520128869301407e+06 7.440821249917591729e+01
6.262159426494326908e+01 3.290184743635151779e+37 1.621982459029877985e+36 1.009499946641592775e+06 7.798244253043384333e+01
6.376328715247655055e+01 3.206943674115443276e+37 1.662572729253842934e+36 1.009480138614857569e+06 8.158936594692528388e+01
6.489311535180604551e+01 3.125912896590954083e+37 1.719295089282450811e+36 1.009460854398895055e+06 8.535047095610090651e+01
6.601194597010180587e+01 3.046221624198644080e+37 1.802273162941202951e+36 1.009441734710457036e+06 8.926345676319891709e+01
6.712068661710509332e+01 2.968124731555432724e+37 1.906803136665101075e+36 1.009422944266698556e+06 9.309623035636413135e+01
6.818204328809952131e+01 2.895797458995402837e+37 2.013396660397329027e+36 1.009405443922095932e+06 9.675237881116456151e+01
6.915112056110228878e+01 2.831328369144877001e+37 2.114516591819446622e+36 1.009389674626257969e+06 1.000737878646412895e+02
7.004032964051293675e+01 2.773331965914806783e+37 2.212627645340250312e+36 1.009375334072172176e+06 1.031191845912420746e+02
7.086079635397618404e+01 2.720882673741696866e+37 2.304674261823969291e+36 1.009362207641242654e+06 1.057842424828333634e+02
7.162347623748792103e+01 2.672658645682551472e+37 2.387078237542210911e+36 1.009350073412073310e+06 1.081342168459930662e+02
7.234000764509255532e+01 2.627656245568603279e+37 2.463021736673164187e+36 1.009338740691246698e+06 1.102202392640083275e+02
7.302182397056458285e+01 2.585970626433028694e+37 2.539127353866827571e+36 1.009328190603011870e+06 1.123333963883541458e+02
7.368543832324940013e+01 2.546852944397371632e+37 2.617796479346342318e+36 1.009318191650515073e+06 1.144198485053351959e+02
7.436010160838486627e+01 2.506013170899492297e+37 2.681544980542686850e+36 1.009307712490996812e+06 1.161583830163136497e+02
7.512891416261845734e+01 2.458621218446062867e+37 2.755043442161677825e+36 1.009295553236707114e+06 1.181815258904745036e+02
7.623112245411903132e+01 2.391053832298055579e+37 2.855640656958969641e+36 1.009278278626593179e+06 1.209975351566799731e+02
7.727575955622887705e+01 2.329934761224108559e+37 2.941356048582234971e+36 1.009262371144401841e+06 1.233813779624246934e+02
7.838083062389341649e+01 2.268267491914495751e+37 3.016086408017749401e+36 1.009245998434777604e+06 1.256029427096836031e+02
7.948406610493111657e+01 2.207066411944500505e+37 3.093373441596012186e+36 1.009229597153077368e+06 1.278858372968890791e+02
8.050497323078889167e+01 2.150559174769331933e+37 3.163780012111417515e+36 1.009214324941507075e+06 1.300367930314348541e+02
8.144916910430765711e+01 2.099444882000077920e+37 3.215756442469443926e+36 1.009200492364551988e+06 1.317184926592336751e+02
8.232754877856496023e+01 2.053507845420582039e+37 3.257597355875136210e+36 1.009187915947011090e+06 1.332491304707516235e+02
8.315136449262354290e+01 2.011210179956311392e+37 3.295912197902281729e+36 1.009176194407460745e+06 1.346274404840072236e+02
8.393221621958218748e+01 1.971520656401758158e+37 3.332120436507622227e+36 1.009165065978244180e+06 1.359005639065476316e+02
8.468938811299449299e+01 1.933409786489870076e+37 3.359152250626563814e+36 1.009154315323450719e+06 1.369902341810244764e+02
8.546006930383737199e+01 1.894738578937240958e+37 3.382419590395630799e+36 1.009143354290144984e+06 1.380474507672057882e+02
8.636393493217474315e+01 1.850165279325561987e+37 3.404021013031240805e+36 1.009130674139286857e+06 1.391359713605586137e+02
8.759041393735969905e+01 1.791093689211255046e+37 3.427957764595763331e+36 1.009113610102833831e+06 1.404964372731463413e+02
8.879506794730696129e+01 1.734203051686175999e+37 3.454455571932205226e+36 1.009097110586122726e+06 1.419869223993805463e+02
8.997675888099183794e+01 1.680959814633724453e+37 3.474917891113682620e+36 1.009081320060519269e+06 1.432935259772238226e+02
9.107044587374548428e+01 1.633832558232025686e+37 3.494569253423873433e+36 1.009067057540544542e+06 1.444734583325517860e+02
9.208698678508517332e+01 1.590583526779266202e+37 3.514291875487013830e+36 1.009053805399652687e+06 1.457008851591111807e+02
9.303758611733792350e+01 1.549869816216420659e+37 3.534757758146597695e+36 1.009041150149007910e+06 1.469540292020341781e+02
9.393410088818200165e+01 1.512303045274313542e+37 3.554135445540660476e+36 1.009029330630569370e+06 1.481630596163369376e+02
9.479822382135898806e+01 1.476728615116915886e+37 3.570157147526824393e+36 1.009018022124186042e+06 1.493044988161586843e+02
9.567563305592921097e+01 1.441264998050808551e+37 3.580633529490288150e+36 1.009006636746874196e+06 1.503253224706351148e+02
9.672196712414006470e+01 1.399272417547322335e+37 3.578455227869252673e+36 1.008993216366457054e+06 1.512939206906230254e+02
9.829699713927402627e+01 1.336293391339874690e+37 3.553784448640366654e+36 1.008972695873101009e+06 1.521579562601643261e+02
9.989699172259861371e+01 1.274313087362047264e+37 3.532880606937560203e+36 1.008951865889222943e+06 1.532991341612828649e+02
1.016056605376797961e+02 1.211107835675800775e+37 3.520776651450406691e+36 1.008929949984831386e+06 1.549341771057330561e+02
1.033077407814271282e+02 1.150715517568072418e+37 3.507460628863944973e+36 1.008908428589824121e+06 1.567139847767094238e+02
1.048856493545390549e+02 1.096361512160208445e+37 3.489442428673538489e+36 1.008888668110760045e+06 1.583712189815271927e+02
1.063575219584163278e+02 1.047053301298370381e+37 3.466359637104824529e+36 1.008870148639414576e+06 1.597271680801115394e+02
1.077267690761873382e+02 1.002077885259510518e+37 3.444427168674459487e+36 1.008852894758541370e+06 1.610621108234074086e+02
1.090020166690956103e+02 9.619702227058234444e+36 3.420599865296913054e+36 1.008837126222363091e+06 1.621607286907147056e+02
1.101935428466968006e+02 9.253074481663980683e+36 3.385576952430096716e+36 1.008822515374235110e+06 1.628408019500123487e+02
1.113142662372920313e+02 8.919240815067112185e+36 3.341425541839368206e+36 1.008808982486210181e+06 1.631627613035854267e+02
1.123996716436231509e+02 8.604996471882766656e+36 3.296020742387541163e+36 1.008796074152894202e+06 1.633869013870849187e+02
1.135236536681768484e+02 8.293490641587311854e+36 3.250445512754407184e+36 1.008782898675091215e+06 1.635380331405541199e+02
1.148659241723144078e+02 7.934889510294641357e+36 3.186716924221932663e+36 1.008767401573199546e+06 1.633816220055870474e+02
1.161237828701850958e+02 7.605455391605212395e+36 3.124113288640848384e+36 1.008752825480022235e+06 1.630796964410087355e+02
1.173216005282738479e+02 7.300160000103433800e+36 3.054548182271796993e+36 1.008739085372284171e+06 1.623597188233517556e+02
1.184950382300885394e+02 7.012302230548360435e+36 2.979726158043330076e+36 1.008725909663230996e+06 1.613652975963026108e+02
1.197532516160208615e+02 6.713434443117133370e+36 2.899325784637776870e+36 1.008712099809738342e+06 1.602876429148598163e+02
1.212838250257918844e+02 6.369229666874271818e+36 2.796829051364778168e+36 1.008695648694855976e+06 1.585431146490814172e+02
1.227299398910836317e+02 6.064782953209557548e+36 2.697827112265135007e+36 1.008680667935557198e+06 1.566153682061696486e+02
1.241096128221979598e+02 5.790443088076923836e+36 2.598864270418858849e+36 1.008666875261851936e+06 1.543716076742788914e+02
1.254580668647031416e+02 5.533451165758859782e+36 2.499414602337686009e+36 1.008653664569885237e+06 1.519293135003016459e+02
1.268425511654495494e+02 5.275467142592708872e+36 2.395980044676774199e+36 1.008640264308485319e+06 1.493412311036147173e+02
1.284633155724659446e+02 4.987184430408379744e+36 2.260876348273395590e+36 1.008624912098474684e+06 1.453469605785982992e+02
1.304109727369868779e+02 4.657535584179449423e+36 2.086030412107793145e+36 1.008606853470127215e+06 1.397278682356951833e+02
1.323287859120973735e+02 4.349344770263029863e+36 1.919720233723532768e+36 1.008589512985603884e+06 1.340056175799200275e+02
1.342593168355888338e+02 4.071453586565272617e+36 1.758368849130455318e+36 1.008573249746816815e+06 1.280384903215167185e+02
1.362691193209029734e+02 3.800255806727374750e+36 1.596545640220941904e+36 1.008556855956615414e+06 1.216281351381475275e+02
1.384718548816526891e+02 3.531828583626807014e+36 1.429189257440634641e+36 1.008539864735487616e+06 1.144948127802865798e+02
1.411354168928810395e+02 3.242956738480132582e+36 1.238025478562106866e+36 1.008520724444087595e+06 1.057110544368107696e+02
1.450375737099675462e+02 2.876642582680383997e+36 9.903425835284156252e+35 1.008494914729616954e+06 9.340849534792856446e+01
1.496220892471756088e+02 2.588911936122380629e+36 7.889365787154933249e+35 1.008474105306843063e+06 8.267317513761702230e+01
1.541754912725882605e+02 2.496210620319842816e+36 6.108481471762023698e+35 1.008471755205465714e+06 7.364559337716619325e+01
1.600094443813650287e+02 2.472549294629892804e+36 0.000000000000000000e+00 1.008493500405697268e+06 0.000000000000000000e+00
