# time luminosity u_luminosity radius u_radius
-2.041245808437815867e+01 3.585289192219763050e+35 3.397080884860893977e+34 1.008365854423021432e+06 1.173190614700915546e+01
-1.951224187845946290e+01 3.587650445606082222e+35 3.247451915717691622e+34 1.008368287136701867e+06 1.250978425973793939e+01
-1.772081162869289983e+01 3.662380242286982389e+35 3.293190536371230764e+34 1.008372578748966800e+06 1.243370694120398134e+01
-1.415586543164681643e+01 3.845054149932458502e+35 3.427479190829389572e+34 1.008383364573528990e+06 1.230096014970199114e+01
-1.379142948972003069e+01 3.866992088365074955e+35 3.435851335263940462e+34 1.008384751088288613e+06 1.225617812203448409e+01
-1.306620196529547684e+01 3.912712109410750859e+35 3.457726779191438769e+34 1.008387725346995285e+06 1.221416254308078209e+01
-1.162299919169163331e+01 4.015155959479826589e+35 3.507509900940380971e+34 1.008395224832772859e+06 1.241116355240350799e+01
-9.984403893889975734e+00 4.155553197076558981e+35 3.578337891382784084e+34 1.008408508076805621e+06 1.323737872566929319e+01
-9.284997345792362466e+00 4.226205654080199367e+35 3.612639011935799499e+34 1.008418238944713143e+06 1.524258655440049104e+01
-8.734711227240040898e+00 4.287567368212249469e+35 3.649233796424694223e+34 1.008432853195956210e+06 2.662649571678933214e+01
-8.366169660366722383e+00 4.333295235208261831e+35 3.673660528574997657e+34 1.008464924849299947e+06 5.784248757596439816e+01
-8.078025367925874889e+00 4.409642267339414929e+35 3.709900857222769596e+34 1.008504871278919396e+06 9.671374966694737907e+01
-7.807966527296230197e+00 5.012538049644448924e+35 1.501512463104625510e+35 1.008562587898603990e+06 1.525794016578611831e+02
-7.784664499878999777e+00 5.130283259628161610e+35 1.753566900865831409e+35 1.008569010454038973e+06 1.587060166852160705e+02
-7.738293465314200148e+00 5.413456248833719352e+35 2.343332537202989539e+35 1.008582813695900841e+06 1.715926169738017393e+02
-7.663603177512413822e+00 6.045732885666377984e+35 3.565631222728463443e+35 1.008607639424020192e+06 1.945822250898905850e+02
-7.514969504787586629e+00 8.364378602323999311e+35 7.472520883466589825e+35 1.008675609812368522e+06 2.452039345667224097e+02
-7.405894116585841402e+00 1.149044932792993068e+36 1.220246998080120607e+36 1.008754887588366866e+06 2.821068391546492649e+02
-7.326131334368255921e+00 1.511545872509733818e+36 1.710786242053658544e+36 1.008832207010829006e+06 3.043170993613027804e+02
-7.260055781312985346e+00 1.981141863421826793e+36 2.223131014278284950e+36 1.008897864601851441e+06 3.319053481045814920e+02
-7.201515043954714201e+00 2.567081456795830594e+36 2.806179999244142123e+36 1.008959416253399453e+06 3.590915761938907167e+02
-7.164458645798731595e+00 3.029796268559533118e+36 3.253083228118694221e+36 1.009000440153095871e+06 3.770601000323224525e+02
-7.135823294433066621e+00 3.453309244624529686e+36 3.634320162254921886e+36 1.009041223044280661e+06 3.810903709062710050e+02
-7.108631005219649523e+00 3.919325720484539948e+36 4.028436496662320188e+36 1.009080354061067221e+06 3.869061549248196457e+02
-7.067683248256798834e+00 4.732343463440557824e+36 4.681436681039983873e+36 1.009135397278168122e+06 4.019810989010519506e+02
-7.035914215695811436e+00 5.457184545848428632e+36 5.247826257986905087e+36 1.009177585875157616e+06 4.151862439184179152e+02
-7.007201860586064868e+00 6.187280907329981779e+36 5.801085336121372894e+36 1.009215936931633973e+06 4.275315815974052498e+02
-6.978722647909307852e+00 6.986218188196519286e+36 6.379174751666792836e+36 1.009254217158433865e+06 4.400541047586103787e+02
-6.955687485067755915e+00 7.683462234497179421e+36 6.862792455920071255e+36 1.009285188368577743e+06 4.504435182869311802e+02
-6.933045518919243477e+00 8.417261211573770837e+36 7.355881789677807854e+36 1.009315544089870411e+06 4.608239070074461665e+02
-6.913261220455751754e+00 9.093046666524366200e+36 7.800224640553104989e+36 1.009342015345283900e+06 4.699686262379699997e+02
-6.893859134608646855e+00 9.785710097139610561e+36 8.249152784713700930e+36 1.009368408340239897e+06 4.780933145827021349e+02
-6.875290609983494505e+00 1.047975918411670318e+37 8.690670462727394422e+36 1.009401388500544126e+06 4.722581641559821719e+02
-6.859995502716628835e+00 1.107088315613157921e+37 9.060685332158317624e+36 1.009427183848405606e+06 4.704756991834022415e+02
-6.847031001088907942e+00 1.158886299264324864e+37 9.380182325704648717e+36 1.009447245764883468e+06 4.720248035765259260e+02
-6.834662291716085747e+00 1.209562858726010991e+37 9.689911151963915647e+36 1.009465677434080048e+06 4.746088396165122845e+02
-6.824594408928533085e+00 1.251362568295288134e+37 9.945001514168268525e+36 1.009480491418388439e+06 4.770236976173813446e+02
-6.812326047409442253e+00 1.303885951079323436e+37 1.025863678541875206e+37 1.009498382677562651e+06 4.801616758907890130e+02
-6.800633586535695940e+00 1.355016761294536490e+37 1.056007462238443653e+37 1.009515323729462107e+06 4.833003931407021696e+02
-6.788528798322658986e+00 1.408910558158026369e+37 1.087590675216414837e+37 1.009532775453671697e+06 4.866701457504123596e+02
-6.775628969233366661e+00 1.467566338158128320e+37 1.121696007319424524e+37 1.009551317984028836e+06 4.902821554324356725e+02
-6.761507478688145056e+00 1.533654457534705496e+37 1.158958585346804271e+37 1.009571611139291665e+06 4.941966341061098547e+02
-6.745534009562106803e+00 1.610113698634245617e+37 1.201422896435210979e+37 1.009594617975852685e+06 4.984895990061716589e+02
-6.743779490658198483e+00 1.618625239488980649e+37 1.206117190862372901e+37 1.009597146201507887e+06 4.989537577993227728e+02
-6.740287998036365025e+00 1.635682913330226434e+37 1.215430807652100378e+37 1.009602178788816207e+06 4.998690809528047225e+02
-6.733339927726774476e+00 1.669967971676760737e+37 1.233892006206888956e+37 1.009612208574506221e+06 5.016543252480486217e+02
-6.732217994198435917e+00 1.675548722083691736e+37 1.236866229208880701e+37 1.009613831183170085e+06 5.019370294816774845e+02
-6.729985346479224972e+00 1.686679514798856375e+37 1.242759972284371269e+37 1.009617066171935876e+06 5.024894320378434145e+02
-6.725542377505917102e+00 1.708986143591801801e+37 1.254502563562793234e+37 1.009623531146505731e+06 5.035074369917537069e+02
-6.725493211284629069e+00 1.709129023122379807e+37 1.254771547381857591e+37 1.009623609019455849e+06 5.035047286864297575e+02
-6.725413137857685797e+00 1.709535067611548353e+37 1.254980766231375609e+37 1.009623728092591045e+06 5.035171217921953257e+02
-6.725253791722934693e+00 1.710336649198444473e+37 1.255405665645211217e+37 1.009623963877677103e+06 5.035443280496388070e+02
-6.725039389872108586e+00 1.711412306715076421e+37 1.255981257069879409e+37 1.009624282683858299e+06 5.035775795746505992e+02
-6.724733491995721124e+00 1.712947002501416508e+37 1.256802644531859587e+37 1.009624737734671915e+06 5.036246306646875155e+02
-6.724199077012599446e+00 1.715631435773969184e+37 1.258233895046395986e+37 1.009625530421011266e+06 5.037122667835063226e+02
-6.723135591193567961e+00 1.720980678373776918e+37 1.261074386971379941e+37 1.009627109928810038e+06 5.038829103882914637e+02
-6.722359839477576315e+00 1.724879046760576922e+37 1.263152569288967072e+37 1.009628273109457688e+06 5.039837595389805642e+02
-6.722001458692830056e+00 1.726677857363646842e+37 1.264115908783014902e+37 1.009628812556832680e+06 5.040259090712314105e+02
-6.721708632685476914e+00 1.728149768077727829e+37 1.264900396380908428e+37 1.009629252485428122e+06 5.040622130215143102e+02
-6.721347062135464512e+00 1.729967204619883993e+37 1.265869321366564744e+37 1.009629797318970086e+06 5.041035569174819670e+02
-6.720962626015534624e+00 1.731899581733671983e+37 1.266899799851994366e+37 1.009630378215914941e+06 5.041440803816558400e+02
-6.720537851506378502e+00 1.734034717992487467e+37 1.268038752920881264e+37 1.009631022269285051e+06 5.041841403048458119e+02
-6.720028931420529261e+00 1.736592806130708704e+37 1.269403810726998298e+37 1.009631797871015267e+06 5.042236253429489921e+02
-6.719360120914643630e+00 1.739990860126851635e+37 1.271150355749595929e+37 1.009632828030984849e+06 5.042520630535497048e+02
-6.718672867398709059e+00 1.743535835739675715e+37 1.272875378718434856e+37 1.009633897816356854e+06 5.042574234547745391e+02
-6.718608670853427611e+00 1.743728587061486085e+37 1.273220372337007131e+37 1.009634022030044231e+06 5.042053239396139475e+02
-6.718541714872117154e+00 1.744065926198759354e+37 1.273399432615221156e+37 1.009634156709542847e+06 5.041398510876026080e+02
-6.718491549429018050e+00 1.744319661518490282e+37 1.273533333025591083e+37 1.009634263640368357e+06 5.040775981418100287e+02
-6.718457677328842692e+00 1.744486614828248779e+37 1.273629555397794665e+37 1.009634336868041079e+06 5.040333491715580294e+02
-6.718429361339076422e+00 1.744625078313654842e+37 1.273711463952933749e+37 1.009634395754960482e+06 5.040014089044963725e+02
-6.718399544944986701e+00 1.744775887083478820e+37 1.273791058075578850e+37 1.009634455413363758e+06 5.039728673109902957e+02
-6.718367497000144795e+00 1.744942743741071348e+37 1.273870283369800673e+37 1.009634518638457870e+06 5.039441388952042757e+02
-6.718336454665404744e+00 1.745099751867600661e+37 1.273953155782030850e+37 1.009634579977326910e+06 5.039161042342343535e+02
-6.718308345371042378e+00 1.745237163477551951e+37 1.274034528929253076e+37 1.009634635347935371e+06 5.038910954103337758e+02
-6.718281847090111114e+00 1.745371189928606065e+37 1.274105271496318546e+37 1.009634686730839545e+06 5.038692852256994001e+02
-6.718254624691326171e+00 1.745508877360404141e+37 1.274177950841605356e+37 1.009634738503118162e+06 5.038490778520016420e+02
-6.718225365693797357e+00 1.745656864509551914e+37 1.274256070814700729e+37 1.009634793300498277e+06 5.038291966643030264e+02
-6.718193699824041687e+00 1.745821788166156573e+37 1.274334287346509036e+37 1.009634851932563470e+06 5.038091388480992805e+02
-6.718158899093396030e+00 1.745997803641555594e+37 1.274427209005353281e+37 1.009634915631895186e+06 5.037886931539079569e+02
-6.718118418226367794e+00 1.746202547174362629e+37 1.274535301735458515e+37 1.009634988725216826e+06 5.037670834699979423e+02
-6.718066439265385270e+00 1.746469826190095214e+37 1.274668278025769669e+37 1.009635081244877889e+06 5.037422281217171189e+02
-6.717989740893244743e+00 1.746862052050457239e+37 1.274867377129239807e+37 1.009635215938993148e+06 5.037095071417217582e+02
-6.717849429915077053e+00 1.747573833480274270e+37 1.275239283659021610e+37 1.009635459812438814e+06 5.036551486219680669e+02
-6.717660954149323516e+00 1.748527080296776898e+37 1.275742734152250621e+37 1.009635793478909298e+06 5.035690272070360720e+02
-6.717459113046061248e+00 1.749547940390665778e+37 1.276281946599663576e+37 1.009636158951521153e+06 5.034592555865138479e+02
-6.717331265987013467e+00 1.750194594841958280e+37 1.276623480681471551e+37 1.009636403987068450e+06 5.033605087746857976e+02
-6.717282201076159254e+00 1.750436367242503541e+37 1.276763076544935762e+37 1.009636499236085103e+06 5.033200125836403913e+02
-6.717201925202971324e+00 1.750846689291894679e+37 1.276971853958941723e+37 1.009636644260484143e+06 5.032771229923609440e+02
-6.717042176227550954e+00 1.751656764755029642e+37 1.277395961488582538e+37 1.009636933953789645e+06 5.031894439697505277e+02
-6.716728914834675379e+00 1.753241077648986185e+37 1.278233378156641903e+37 1.009637514055775129e+06 5.029917110811942962e+02
-6.716541072615655139e+00 1.754191205986583874e+37 1.278735459166928414e+37 1.009637882986731129e+06 5.028278085705252920e+02
-6.716432797285960987e+00 1.754738912596203297e+37 1.279024850657198281e+37 1.009638096023260034e+06 5.027325765169501324e+02
-6.716329957140260376e+00 1.755259072838028841e+37 1.279299807912292490e+37 1.009638293844822678e+06 5.026519031446008512e+02
-6.716208470985293388e+00 1.755873492733770338e+37 1.279624713770065430e+37 1.009638541815728531e+06 5.025258987467678367e+02
-6.716187235811958089e+00 1.755965395994372819e+37 1.279702142108347423e+37 1.009638588128559059e+06 5.024974911286076349e+02
-6.716144977806834504e+00 1.756183881919507487e+37 1.279808822225887493e+37 1.009638669170840643e+06 5.024649023506635217e+02
-6.716060884369653650e+00 1.756617877764982001e+37 1.280022179499028065e+37 1.009638827231341042e+06 5.024069817552282871e+02
-6.715916290500899777e+00 1.757351220457539993e+37 1.280406304721148754e+37 1.009639201039511594e+06 5.020880654083301806e+02
-6.715875888214213774e+00 1.757545754871278837e+37 1.280528291486980873e+37 1.009639324498487636e+06 5.019581414342789003e+02
-6.715854199370369315e+00 1.757651202178495311e+37 1.280592424266309575e+37 1.009639382946514525e+06 5.019052324075926208e+02
-6.715818897471763194e+00 1.757835255336273830e+37 1.280680265319360209e+37 1.009639467230654322e+06 5.018424316446422040e+02
-6.715748646689462475e+00 1.758196679951528483e+37 1.280861919916491961e+37 1.009639620772445691e+06 5.017479131984944161e+02
-6.715716376493219286e+00 1.758356681557506522e+37 1.280953856736646632e+37 1.009639694254200556e+06 5.016981343290738664e+02
-6.715652158804005012e+00 1.758688075186749054e+37 1.281119511165447587e+37 1.009639830013066297e+06 5.016215654454556443e+02
-6.715524365616147406e+00 1.759345276940436769e+37 1.281452214043695124e+37 1.009640092067477643e+06 5.014866512467401662e+02
-6.715298240611446090e+00 1.760496768935956248e+37 1.282056190710031349e+37 1.009640549744006013e+06 5.012610271099732699e+02
-6.715212231181794778e+00 1.760932751803335466e+37 1.282288615908776415e+37 1.009640741880665882e+06 5.011366139275480123e+02
-6.715155363825033419e+00 1.761218096625657515e+37 1.282446185884315903e+37 1.009640861863871687e+06 5.010694886992790771e+02
-6.715056065047974698e+00 1.761728069390946554e+37 1.282705722924539439e+37 1.009641062179246102e+06 5.009719971645943133e+02
-6.714858460472896695e+00 1.762736460837253265e+37 1.283230864827242140e+37 1.009641455123379943e+06 5.007902773443453270e+02
-6.714609930641017854e+00 1.764002087855450174e+37 1.283894976693607258e+37 1.009641954254576005e+06 5.005514478326338690e+02
-6.714438435519696213e+00 1.764875504407341502e+37 1.284353200259039446e+37 1.009642313045096933e+06 5.003561343318553440e+02
-6.714372565489611588e+00 1.765204609752392866e+37 1.284537709843894449e+37 1.009642458014492528e+06 5.002658847433417577e+02
-6.714317390418727882e+00 1.765485621079615228e+37 1.284685145122308840e+37 1.009642572239540401e+06 5.002056880611372094e+02
-6.714210637932410464e+00 1.766035684777988838e+37 1.284961930393212137e+37 1.009642785415558843e+06 5.001059548851626460e+02
-6.713998200488276780e+00 1.767117467519937957e+37 1.285529935252658007e+37 1.009643205301822512e+06 4.999168666501784060e+02
-6.713764318570611067e+00 1.768308760439164219e+37 1.286154982486876454e+37 1.009643677297947812e+06 4.996882258718235335e+02
-6.713627182602067478e+00 1.769008074474429915e+37 1.286520489024943446e+37 1.009643967074575950e+06 4.995266521821425840e+02
-6.713553551628137939e+00 1.769377130603292100e+37 1.286725320702189067e+37 1.009644122668400290e+06 4.994399352182699658e+02
-6.713480399077525362e+00 1.769750136644350790e+37 1.286920360145531052e+37 1.009644271727375453e+06 4.993655586076890245e+02
-6.713365274728857912e+00 1.770343560861834377e+37 1.287218778819278712e+37 1.009644501231609262e+06 4.992593529311607199e+02
-6.713196784738101996e+00 1.771202626735961867e+37 1.287668177416255269e+37 1.009644836332580307e+06 4.991056946912639205e+02
-6.713029178848955780e+00 1.772057223267205269e+37 1.288115224573211627e+37 1.009645175647582626e+06 4.989402878276000024e+02
-6.712911819297005422e+00 1.772655667278352589e+37 1.288428225240663591e+37 1.009645418445428018e+06 4.988135078823207209e+02
-6.712824220827315003e+00 1.773100283587745255e+37 1.288664635725610029e+37 1.009645598440249101e+06 4.987215754584234446e+02
-6.712728371683624573e+00 1.773589128005786867e+37 1.288920192596030811e+37 1.009645791980787297e+06 4.986282754699431052e+02
-6.712606413071625866e+00 1.774213256266501954e+37 1.289242556287798544e+37 1.009646037269930472e+06 4.985116820307220564e+02
-6.712552036507986486e+00 1.774484191474519194e+37 1.289396099956228898e+37 1.009646151788280578e+06 4.984488057033023551e+02
-6.712471759703475982e+00 1.774897906973002622e+37 1.289604446295121920e+37 1.009646314619564451e+06 4.983692107941113250e+02
-6.712347770400810987e+00 1.775532378368864693e+37 1.289932307614571664e+37 1.009646562954160734e+06 4.982530266350431134e+02
-6.712196951426449232e+00 1.776301554893430742e+37 1.290334611429488906e+37 1.009646866214088048e+06 4.981092792723428602e+02
-6.712058950011851266e+00 1.777005393465569086e+37 1.290702723314313605e+37 1.009647146730990265e+06 4.979714357830146696e+02
-6.711941338857286610e+00 1.777605249789320394e+37 1.291016458817397190e+37 1.009647386211355915e+06 4.978531655230491424e+02
-6.711824668003828265e+00 1.778200294329025742e+37 1.291327735110477726e+37 1.009647622343586409e+06 4.977389359987629405e+02
-6.711697619786718860e+00 1.778848254221922593e+37 1.291666744611766216e+37 1.009647878264737432e+06 4.976171825079471205e+02
-6.711561195392278023e+00 1.779544034135182169e+37 1.292030808936081122e+37 1.009648152571730549e+06 4.974875840376363385e+02
-6.711419553583255038e+00 1.780268021912708241e+37 1.292407827680857202e+37 1.009648437131225481e+06 4.973535782218443160e+02
-6.711278313596267253e+00 1.780991166188644540e+37 1.292783053473953276e+37 1.009648721707225544e+06 4.972182756243610697e+02
-6.711169031696044840e+00 1.781550714274495688e+37 1.293073368054086808e+37 1.009648943438485963e+06 4.971103966761777428e+02
-6.711092067751451395e+00 1.781942656702349712e+37 1.293280692355308443e+37 1.009649100023312261e+06 4.970335588632461850e+02
-6.710967343373340555e+00 1.782583340504933691e+37 1.293609315864648548e+37 1.009649351573580992e+06 4.969137395377603639e+02
-6.710814355494221672e+00 1.783366609350285717e+37 1.294015927907609137e+37 1.009649659138886374e+06 4.967689460920369697e+02
-6.710634321832912974e+00 1.784288352402481302e+37 1.294494477123006191e+37 1.009650020861758036e+06 4.965991452247541247e+02
-6.710450900107389316e+00 1.785227463086263929e+37 1.294982071836089299e+37 1.009650390003621462e+06 4.964250174278172949e+02
-6.710265959467506036e+00 1.786174889421285427e+37 1.295473418573418338e+37 1.009650762328532524e+06 4.962493206569110384e+02
-6.710076841947739013e+00 1.787146468323861607e+37 1.295974127697427264e+37 1.009651142727753147e+06 4.960704164668726435e+02
-6.709880721697118133e+00 1.788154019285638043e+37 1.296493460081315436e+37 1.009651537810050533e+06 4.958838117600872124e+02
-6.709683936191140674e+00 1.789167252992862108e+37 1.297015329228767251e+37 1.009651934295753133e+06 4.956962459600601960e+02
-6.709480614401400089e+00 1.790214319890711278e+37 1.297554679568690974e+37 1.009652343868212192e+06 4.955027845845165189e+02
-6.709268859995063394e+00 1.791304811041631866e+37 1.298116491827097413e+37 1.009652770566379768e+06 4.953012168889597433e+02
-6.709047203956288286e+00 1.792449810817861144e+37 1.298707206492733177e+37 1.009653217770439340e+06 4.950888311858892052e+02
-6.708814186567906290e+00 1.793654888024941908e+37 1.299328747949306934e+37 1.009653688439109363e+06 4.948634654395215762e+02
-6.708562183863250539e+00 1.794959113900502254e+37 1.299999816587901398e+37 1.009654200421722839e+06 4.946139334320004650e+02
-6.708297140459762886e+00 1.796330840211878627e+37 1.300705744226196302e+37 1.009654740602796897e+06 4.943482907306382685e+02
-6.708040122786769643e+00 1.797661049792646124e+37 1.301390409857401896e+37 1.009655265589689603e+06 4.940886242556720163e+02
-6.707739233446773142e+00 1.799218270063138151e+37 1.302192187542217629e+37 1.009655880061624805e+06 4.937853435226445526e+02
-6.707613303631660528e+00 1.799870194052095826e+37 1.302527556168506159e+37 1.009656138430224382e+06 4.936560733795915326e+02
-6.707362703295075335e+00 1.801167067217057383e+37 1.303195649983264588e+37 1.009656646942563704e+06 4.934107721230391235e+02
-6.706944443780230358e+00 1.803334602599529578e+37 1.304311110345706827e+37 1.009657484555070638e+06 4.930243233911580205e+02
-6.706466476054629311e+00 1.805817688560328161e+37 1.305580848792961235e+37 1.009658430086022941e+06 4.926072637634571265e+02
-6.705897704698145390e+00 1.809050515082175476e+37 1.306719125106017256e+37 1.009659539525871165e+06 4.921446128468887764e+02
-6.705323604604927823e+00 1.812144250651880608e+37 1.308096097308525496e+37 1.009660645688674529e+06 4.917069734411054469e+02
-6.704739073975360952e+00 1.814833209985011952e+37 1.310117792252956603e+37 1.009661759011878283e+06 4.912890872419388302e+02
-6.704135784093523398e+00 1.817911969290764046e+37 1.311797770955692686e+37 1.009662895780430874e+06 4.908841049033005675e+02
-6.703502317104721442e+00 1.821189670503683311e+37 1.313502306418084016e+37 1.009664077102649724e+06 4.904853293455351491e+02
-6.702821875893278047e+00 1.824726817032031874e+37 1.315312074030418198e+37 1.009665334055153653e+06 4.900825572602354328e+02
-6.702075499706552364e+00 1.828594264239682354e+37 1.317315061360594670e+37 1.009666708324521198e+06 4.896511519618830448e+02
-6.701779428200097755e+00 1.830127667234758359e+37 1.318110902752076007e+37 1.009667253517336911e+06 4.894802810488371847e+02
-6.701190245905308984e+00 1.833188359794221769e+37 1.319682711181193804e+37 1.009668322947843699e+06 4.891723257082353484e+02
-6.701093563024187461e+00 1.833682657445715247e+37 1.319951439358899579e+37 1.009668507761449669e+06 4.891029374799739458e+02
-6.700953598134219646e+00 1.834411182019465430e+37 1.320323029810532749e+37 1.009668772327840445e+06 4.890085901486459647e+02
-6.700772433498059399e+00 1.835351897701008778e+37 1.320808452430229686e+37 1.009669115722811781e+06 4.888840024308390184e+02
-6.700620254283421673e+00 1.836142214349838994e+37 1.321216293508660707e+37 1.009669409064728417e+06 4.887694369738507021e+02
-6.700522083177929744e+00 1.836649938975601734e+37 1.321482266755883596e+37 1.009669600056983763e+06 4.886920160356780798e+02
-6.700442962843226269e+00 1.837060848566880839e+37 1.321694327552498952e+37 1.009669751747124712e+06 4.886341783512324923e+02
-6.700343000266002491e+00 1.837579966056083284e+37 1.321962316437012614e+37 1.009669940153543954e+06 4.885676976542775378e+02
-6.700194758712314069e+00 1.838352812600332601e+37 1.322356722903422831e+37 1.009670217670510290e+06 4.884728223106121732e+02
-6.700021966375061311e+00 1.839253519852032162e+37 1.322819381285853079e+37 1.009670541830228991e+06 4.883605297395067737e+02
-6.699866421229671687e+00 1.840064351337524314e+37 1.323235874880227142e+37 1.009670834811466164e+06 4.882571384417156537e+02
-6.699715904163895175e+00 1.840849440203794532e+37 1.323638348459542648e+37 1.009671117069777916e+06 4.881597108310076010e+02
-6.699513449624646455e+00 1.842091394245571812e+37 1.323928575790133125e+37 1.009671493238976342e+06 4.880358240346416778e+02
-6.699168503546388820e+00 1.843929949388656766e+37 1.324798110904687384e+37 1.009672129426240921e+06 4.878345389418901732e+02
-6.698535032221116126e+00 1.847303175431655052e+37 1.326399815426623868e+37 1.009673290519934380e+06 4.874801777977191932e+02
-6.697794882609741762e+00 1.850938516103114827e+37 1.328685844433147108e+37 1.009674654411028721e+06 4.870527113868090510e+02
-6.697239813642227091e+00 1.853785215092749387e+37 1.330238386743878721e+37 1.009675690714462777e+06 4.867060116444486084e+02
-6.696898624781169929e+00 1.855585588052511440e+37 1.331124545878705444e+37 1.009676332712071715e+06 4.864832996397462921e+02
-6.696628033852903172e+00 1.857077386493190555e+37 1.331740876633110050e+37 1.009676837244711467e+06 4.863161625520165217e+02
-6.696286448524915613e+00 1.858867780322108407e+37 1.332644803035363599e+37 1.009677465489030816e+06 4.861227628095462592e+02
-6.695751631952589378e+00 1.861716270276388105e+37 1.333999171658840513e+37 1.009678440967220115e+06 4.858367905699982430e+02
-6.695099469099659473e+00 1.865027237715110202e+37 1.335871887256477789e+37 1.009679632709060796e+06 4.854845787992152850e+02
-6.694657504689530469e+00 1.867347857563895689e+37 1.337037435189560964e+37 1.009680455661828863e+06 4.852159952380335426e+02
-6.694489863715716638e+00 1.868149648565502979e+37 1.337586097768743347e+37 1.009680776413400541e+06 4.850971693175269479e+02
-6.694399214524310082e+00 1.868596604281595731e+37 1.337864636906503909e+37 1.009680946079676971e+06 4.850404548491561627e+02
-6.694218822623952292e+00 1.869586753111082767e+37 1.338282243000681734e+37 1.009681274273281801e+06 4.849464081510369056e+02
-6.693859842751407996e+00 1.871470047759176400e+37 1.339231724628438944e+37 1.009681922724656528e+06 4.847686945816826665e+02
-6.693145472818287089e+00 1.875219918730232508e+37 1.341119066784850066e+37 1.009683204959863913e+06 4.844320150267164991e+02
-6.692409783790935762e+00 1.879023537803759453e+37 1.343142853081824357e+37 1.009684541058038943e+06 4.840555519794258998e+02
-6.692037131258985028e+00 1.879342726745120704e+37 1.346366146420726693e+37 1.009685237371604191e+06 4.838268203573821324e+02
-6.691850021408754401e+00 1.882191275992845318e+37 1.344311341680473227e+37 1.009685585387164843e+06 4.837152832936185973e+02
-6.691627100415644236e+00 1.883108001142165721e+37 1.345245645572771771e+37 1.009685991397986421e+06 4.835994883536852740e+02
-6.691270840339711867e+00 1.884999090999139957e+37 1.346159783390626847e+37 1.009686633629500750e+06 4.834277393176827786e+02
-6.690787316838395782e+00 1.887521069438281191e+37 1.347461716387013490e+37 1.009687504576547304e+06 4.831964601813521654e+02
-6.690326370866387151e+00 1.889889240321305383e+37 1.348752381552123039e+37 1.009688340140982298e+06 4.829644334337130545e+02
-6.689965723329805769e+00 1.891786420438295503e+37 1.349706276941718108e+37 1.009688996193713392e+06 4.827778541644248662e+02
-6.689631476008798927e+00 1.893527058838115806e+37 1.350617538260037838e+37 1.009689601830817759e+06 4.826096889260417697e+02
-6.689264346263371408e+00 1.895433963407545115e+37 1.351625501126094658e+37 1.009690264246563544e+06 4.824307341030688576e+02
-6.688862970127956942e+00 1.897561178404399125e+37 1.352669917643378258e+37 1.009690987351924763e+06 4.822375490719692266e+02
-6.688456156887696125e+00 1.899695595292394413e+37 1.353760184103137757e+37 1.009691720160935656e+06 4.820420984768588255e+02
-6.688056735059944913e+00 1.901799388630153923e+37 1.354831583936988780e+37 1.009692439191576326e+06 4.818504752218597105e+02
-6.687663916090968996e+00 1.903866017407204145e+37 1.355888846910345043e+37 1.009693145757515100e+06 4.816634543575797238e+02
-6.687270014735986479e+00 1.905940986158827610e+37 1.356945796390723658e+37 1.009693853749089874e+06 4.814772731388421221e+02
-6.686873423299402930e+00 1.908030662697342935e+37 1.358009615080892827e+37 1.009694565817085444e+06 4.812916347723485160e+02
-6.686473638415918685e+00 1.910135971924731016e+37 1.359090273843136922e+37 1.009695282336947625e+06 4.811067255079415190e+02
-6.686065000016242266e+00 1.912297858607911985e+37 1.360182946996945581e+37 1.009696013670631917e+06 4.809199572049207063e+02
-6.685649425853625871e+00 1.914492650808158788e+37 1.361299689242972537e+37 1.009696756440193742e+06 4.807322334757765248e+02
-6.685225761131732725e+00 1.916729108138391384e+37 1.362439985471495538e+37 1.009697512601008988e+06 4.805432542663156710e+02
-6.684791456282255240e+00 1.919022114256926331e+37 1.363608771515413588e+37 1.009698286920189043e+06 4.803514787606865752e+02
-6.684344157532905228e+00 1.921371709810949447e+37 1.364829377952986552e+37 1.009699083015187876e+06 4.801570083328066403e+02
-6.683877590330666862e+00 1.923849361864890546e+37 1.366071840855862325e+37 1.009699911790805287e+06 4.799573901926666508e+02
-6.683391859492985532e+00 1.926430092349812426e+37 1.367366419685327843e+37 1.009700772717966000e+06 4.797534941877204915e+02
-6.682876304228557274e+00 1.929178525544461315e+37 1.368731817774561294e+37 1.009701684667975991e+06 4.795403465419415738e+02
-6.682339871404110454e+00 1.932019874986088458e+37 1.370181992935776151e+37 1.009702630997343571e+06 4.793232199582187718e+02
-6.681759609971777536e+00 1.935132223918987439e+37 1.371723994444112129e+37 1.009703650474823778e+06 4.790938795654338946e+02
-6.681130741882952861e+00 1.938495256740450025e+37 1.373414234742538881e+37 1.009704752284133458e+06 4.788515662392858871e+02
-6.680438156661693938e+00 1.942171258422681391e+37 1.375314880876337812e+37 1.009705962310930598e+06 4.785919505534130280e+02
-6.679664682611473836e+00 1.946327855819861239e+37 1.377368116051210014e+37 1.009707308931212523e+06 4.783118804817851810e+02
-6.678790789432241581e+00 1.951108826566934195e+37 1.379572465250021561e+37 1.009708823575536371e+06 4.780094206907673424e+02
-6.677755636716028675e+00 1.956655526484113535e+37 1.382345840220929664e+37 1.009710609273698181e+06 4.776685656589710334e+02
-6.676509807643014938e+00 1.963371812402642565e+37 1.385630399740985423e+37 1.009712748289912124e+06 4.772793775978961435e+02
-6.674966175749432296e+00 1.971626082339538345e+37 1.389798339399991263e+37 1.009715382681113901e+06 4.768298434290376235e+02
-6.672981323252315633e+00 1.982291807091152407e+37 1.395097311024562638e+37 1.009718747263952391e+06 4.762957764011119366e+02
-6.670611002598889172e+00 1.995046567982764644e+37 1.401418161146365522e+37 1.009722738238239661e+06 4.756980967206464470e+02
-6.668320144497556612e+00 2.007372636524449925e+37 1.407577979140339912e+37 1.009726569757525809e+06 4.751632538865688389e+02
-6.666089105841820128e+00 2.019447011853886647e+37 1.413541549331721455e+37 1.009730282194377505e+06 4.746779021861435126e+02
-6.663886245456524193e+00 2.031362389219347634e+37 1.419486452696927636e+37 1.009733926952306530e+06 4.742376232147921655e+02
-6.661683549813460559e+00 2.043408449731987271e+37 1.425347840953735842e+37 1.009737548941506189e+06 4.738326848551969874e+02
-6.659452783860615455e+00 2.055534617704285887e+37 1.431396613893689257e+37 1.009741201838440960e+06 4.734544991695609610e+02
-6.657172178951441310e+00 2.068264606775383920e+37 1.437125367128944905e+37 1.009744926759033231e+06 4.730891395004944684e+02
-6.654814477180480026e+00 2.080884274560972920e+37 1.443849222624235953e+37 1.009748763337705052e+06 4.727399174310949661e+02
-6.652351210301276296e+00 2.094432462955291295e+37 1.450375442704040925e+37 1.009752769048433634e+06 4.723771266085585694e+02
-6.649752463723416440e+00 2.108790535638022652e+37 1.457208318692656746e+37 1.009756977910392801e+06 4.720191678522104439e+02
-6.646983123282552697e+00 2.124055296405054971e+37 1.464647187015170879e+37 1.009761445745218196e+06 4.716638767834302257e+02
-6.644009609692147933e+00 2.140577046848218681e+37 1.472532193759488512e+37 1.009766223110965570e+06 4.713064596780764646e+02
-6.640789217330166139e+00 2.158568342115242111e+37 1.481016340390196702e+37 1.009771379630322568e+06 4.709441915009891204e+02
-6.637280848721275106e+00 2.178212888334261836e+37 1.490302477442937972e+37 1.009776980313754058e+06 4.705739825764723037e+02
-6.633568316610762849e+00 2.198985790445446708e+37 1.500226506901129420e+37 1.009782900318131200e+06 4.701974473973135105e+02
-6.629664289837819524e+00 2.220898563012384856e+37 1.510621890509560239e+37 1.009789105147940922e+06 4.698058503866188289e+02
-6.625691570661729202e+00 2.243403843312894465e+37 1.521039469838165276e+37 1.009795409266249975e+06 4.694234161063577631e+02
-6.621758279492496513e+00 2.265826316072682353e+37 1.531317774601711651e+37 1.009801640449867584e+06 4.690565867660681647e+02
-6.617861595354042947e+00 2.288162981704390512e+37 1.541414137521846907e+37 1.009807811392609612e+06 4.686991938395855186e+02
-6.613981151007465087e+00 2.310490467013814388e+37 1.551404343294801435e+37 1.009813951508465922e+06 4.683401609845274720e+02
-6.610094895062502474e+00 2.332976307015525966e+37 1.561335800540633960e+37 1.009820088527357206e+06 4.679804100670208982e+02
-6.606181775438017212e+00 2.355841421690204841e+37 1.571108381518816417e+37 1.009826257637036731e+06 4.676177367535984217e+02
-6.602416542693390511e+00 2.377774082772461559e+37 1.580670211536822344e+37 1.009832191772731254e+06 4.672753511315608534e+02
-6.598869536755955778e+00 2.398633691476894392e+37 1.589467773079361465e+37 1.009837781140359933e+06 4.669525046486371593e+02
-6.595496923575410619e+00 2.418660433118153823e+37 1.597651775488543555e+37 1.009843088337843423e+06 4.666521213381737994e+02
-6.592269525877782144e+00 2.437839843160928310e+37 1.605582719191838674e+37 1.009848167260386981e+06 4.663560621276658935e+02
-6.589169787781429477e+00 2.456401358032578987e+37 1.613050901705174414e+37 1.009853036081597209e+06 4.660666929874873858e+02
-6.586181159218540415e+00 2.474362886406281761e+37 1.620135247051408565e+37 1.009857729782018228e+06 4.657791350869273970e+02
-6.583261944164405577e+00 2.491930827249762158e+37 1.627029811418833236e+37 1.009862305473162211e+06 4.655059164679154833e+02
-6.580419863035785966e+00 2.509153417086622765e+37 1.633685993204439895e+37 1.009866764175955555e+06 4.652258963327514039e+02
-6.577481351778260432e+00 2.527005143096064403e+37 1.640522042837551027e+37 1.009871366795130423e+06 4.649529222870883700e+02
-6.574783954332815483e+00 2.543437708399183354e+37 1.646754731326931623e+37 1.009875600552989752e+06 4.646898619957702294e+02
-6.572124969607102685e+00 2.559697858977160621e+37 1.652846175582016241e+37 1.009879761269161711e+06 4.644506529541076816e+02
-6.569509668915998191e+00 2.575768329364315554e+37 1.658779940692222800e+37 1.009883844737230684e+06 4.642163781195874321e+02
-6.566748389173881151e+00 2.592777090276981997e+37 1.664998717848555496e+37 1.009888154536289861e+06 4.639570969461756818e+02
-6.564211273827822879e+00 2.608475291710879162e+37 1.670650711835104754e+37 1.009892113756244769e+06 4.637209112313029777e+02
-6.561695797659922391e+00 2.624117247465320725e+37 1.676200404397819568e+37 1.009896032572194934e+06 4.634940547745522395e+02
-6.559207003345363773e+00 2.639611680626231714e+37 1.681674590500977268e+37 1.009899908530843793e+06 4.632752313723042903e+02
-6.556738667539320886e+00 2.655000970612465625e+37 1.687087746025410998e+37 1.009903750607950613e+06 4.630643151639724238e+02
-6.554287260034470819e+00 2.670330066687991723e+37 1.692445218140880661e+37 1.009907561044928269e+06 4.628605816545547214e+02
-6.551849123250576667e+00 2.685611610962221587e+37 1.697721140034689983e+37 1.009911340041548596e+06 4.626608342212879847e+02
-6.549420972616644576e+00 2.700862620470068822e+37 1.702934907425670510e+37 1.009915095554734347e+06 4.624548379187625642e+02
-6.546998571808217093e+00 2.716090151495829540e+37 1.708108399930022857e+37 1.009918835623526364e+06 4.622512874980038191e+02
-6.544577777502126992e+00 2.731333606501142320e+37 1.713272042979044992e+37 1.009922568766020471e+06 4.620538367252049738e+02
-6.542154089387622662e+00 2.746653777367511789e+37 1.718420193386106104e+37 1.009926300052047940e+06 4.618629137794399639e+02
-6.539723192661767825e+00 2.762079010578469471e+37 1.723535807149282305e+37 1.009930035080545931e+06 4.616809451925447547e+02
-6.537280782227753662e+00 2.777610667712079759e+37 1.728651887274394108e+37 1.009933782883139676e+06 4.615059307170138823e+02
-6.534815630890079774e+00 2.793333508966803793e+37 1.733785999462982911e+37 1.009937561890374287e+06 4.613354455142525126e+02
-6.532331768088624813e+00 2.809194058934208846e+37 1.738944988586886337e+37 1.009941369001863291e+06 4.611626740634003454e+02
-6.529818545328453183e+00 2.825273465228642163e+37 1.744138891960397957e+37 1.009945212278502877e+06 4.609904581334147338e+02
-6.527267826968454756e+00 2.841596082795976474e+37 1.749368115120351623e+37 1.009949106530646095e+06 4.608176487572794713e+02
-6.524669635866302997e+00 2.858296422772206346e+37 1.754635608562095483e+37 1.009953063436298748e+06 4.606528725843597840e+02
-6.522023764380719513e+00 2.875388057199407430e+37 1.759921575796789811e+37 1.009957086524021579e+06 4.604912533924893978e+02
-6.519310459960252047e+00 2.892830290885235514e+37 1.765477213314868549e+37 1.009961209276358364e+06 4.603333811154257660e+02
-6.515949310851283371e+00 2.914522051770295606e+37 1.772231748619514402e+37 1.009966309450055240e+06 4.601346546054985538e+02
-6.512492504392866977e+00 2.936886297827807657e+37 1.779136775858163065e+37 1.009971545040596393e+06 4.599348086519541994e+02
-6.508922074775910005e+00 2.960033735833308521e+37 1.786197705325874553e+37 1.009976936484618345e+06 4.597349480893792588e+02
-6.505211521682213061e+00 2.984174981987936876e+37 1.793395800816338304e+37 1.009982515111963148e+06 4.595328061585291834e+02
-6.501322125041042455e+00 3.009627325486627087e+37 1.800896124615222204e+37 1.009988342018877040e+06 4.593314664633717825e+02
-6.496246442547999322e+00 3.042915007850869916e+37 1.810633867060808667e+37 1.009995946375203086e+06 4.590643881122047674e+02
-6.490836701894295402e+00 3.078451272594038066e+37 1.820958009439491332e+37 1.010004037596509908e+06 4.587962607340588193e+02
-6.485056544697727077e+00 3.116622965577346454e+37 1.831701788765392870e+37 1.010012648835045518e+06 4.585376468166564337e+02
-6.477251581323798746e+00 3.168369331288893778e+37 1.845974324143606309e+37 1.010024249148290488e+06 4.581702764880052996e+02
-6.468573169971932657e+00 3.226245875350358692e+37 1.861532005124468411e+37 1.010037061086519971e+06 4.577777355467191001e+02
-6.458673519868170843e+00 3.292533733805396303e+37 1.878853846592814329e+37 1.010051622874696506e+06 4.573164560878064435e+02
-6.446073756538680755e+00 3.377479960789902663e+37 1.900380825121322361e+37 1.010070044502367382e+06 4.567584052549969442e+02
-6.433455225080251694e+00 3.462973699716048724e+37 1.921346551307757242e+37 1.010088399005421204e+06 4.561798056879065939e+02
-6.420355502646998502e+00 3.552181232739094278e+37 1.942487119035242990e+37 1.010107306029057945e+06 4.555398963577621885e+02
-6.406382421191665344e+00 3.647707768730202507e+37 1.964489912595803607e+37 1.010127339243601309e+06 4.548583998559020074e+02
-6.391069960256572813e+00 3.752688492863270458e+37 1.987957337592954073e+37 1.010149111494758050e+06 4.540940885732994161e+02
-6.375894447788596153e+00 3.857040244523161102e+37 2.010618232713901862e+37 1.010170501795135089e+06 4.533252398275581641e+02
-6.361476674486766569e+00 3.956382465018189425e+37 2.031381382061724720e+37 1.010191809823472751e+06 4.497547904669017953e+02
-6.347117935467395000e+00 4.055123912580460479e+37 2.051981507607146487e+37 1.010218750626270310e+06 4.323134160659037661e+02
-6.332285466211033054e+00 4.157217921356805113e+37 2.072691631043223889e+37 1.010246418383147800e+06 4.150014608094634241e+02
-6.316459984620450996e+00 4.266067005257279224e+37 2.093950547248884601e+37 1.010274674397743074e+06 3.996043344731708089e+02
-6.299033919334760867e+00 4.388907776282061510e+37 2.110944946791110103e+37 1.010303879085229710e+06 3.868856734452637056e+02
-6.282865497123566456e+00 4.509997363374620824e+37 2.111553080682379331e+37 1.010329887334516388e+06 3.771746463468135175e+02
-6.267181104500195943e+00 4.633034133203453123e+37 2.100799309423300890e+37 1.010354548080465640e+06 3.688141262058811662e+02
-6.251347522033029236e+00 4.758966770765025669e+37 2.085914668467914498e+37 1.010378801243771217e+06 3.614448427055190791e+02
-6.234809105808380991e+00 4.890237801360653412e+37 2.070080243174647246e+37 1.010403475291745970e+06 3.547445290827033659e+02
-6.216998068368411623e+00 5.030627362252969076e+37 2.053991871092892648e+37 1.010429389733802760e+06 3.484907676236139764e+02
-6.197227398413815536e+00 5.184931047093207198e+37 2.036894144585317681e+37 1.010457411720093456e+06 3.423478707575387148e+02
-6.178897727630101144e+00 5.327087521010921712e+37 2.021571477720639464e+37 1.010482876124428003e+06 3.372640432571284919e+02
-6.161167036261758767e+00 5.463481430554084480e+37 2.007049568503788807e+37 1.010507032049812260e+06 3.327684090096934710e+02
-6.143355322579736821e+00 5.599493804066220847e+37 1.992744816501049418e+37 1.010530885711968527e+06 3.286185078751454967e+02
-6.124893521104240790e+00 5.739199072479944667e+37 1.978397161022483499e+37 1.010555167357927188e+06 3.246662850341239164e+02
-6.105203900267952122e+00 5.886838091224098603e+37 1.963490741302564278e+37 1.010580627968243673e+06 3.207699214359755047e+02
-6.083614101837156340e+00 6.046850463608307171e+37 1.947912749124904025e+37 1.010608004006833420e+06 3.168776233085864078e+02
-6.063594888692023233e+00 6.193123952503275742e+37 1.933852791043959686e+37 1.010632870355019346e+06 3.135208982660912511e+02
-6.044234642075025477e+00 6.333141812895931059e+37 1.921096244368399018e+37 1.010656542985043721e+06 3.105637387825479436e+02
-6.024807275360217318e+00 6.471986189801316096e+37 1.908867659875934799e+37 1.010679911102817510e+06 3.078050556965608280e+02
-6.004696455842349678e+00 6.613537037465081850e+37 1.896484352578405886e+37 1.010703635320755420e+06 3.051231846406981276e+02
-5.983254834573017433e+00 6.762568648708649228e+37 1.884002397365649286e+37 1.010728523343543755e+06 3.024978197951033962e+02
-5.959744796869927086e+00 6.923230766201597668e+37 1.871063555669534426e+37 1.010755260700993356e+06 2.998500989947871176e+02
-5.937323620746610686e+00 7.073951441455642634e+37 1.859436346063094883e+37 1.010780269304477260e+06 2.975446340603781437e+02
-5.915827808450558223e+00 7.216210269428576645e+37 1.848867352901781759e+37 1.010803815103571047e+06 2.955109418773861307e+02
-5.894422343495534733e+00 7.355299824842575292e+37 1.838849467100544268e+37 1.010826794811011991e+06 2.936466768333293658e+02
-5.872451161631033756e+00 7.495799516849759141e+37 1.829342393403373256e+37 1.010849973769353935e+06 2.919142007282442250e+02
-5.849273509782506153e+00 7.641528560829407142e+37 1.820066169808465734e+37 1.010873989103131811e+06 2.902693116252647201e+02
-5.824162740114843473e+00 7.796155420462623201e+37 1.810601623390853288e+37 1.010899453684826149e+06 2.886438620712469856e+02
-5.798419950893730856e+00 7.951312349571892832e+37 1.801827799176112544e+37 1.010924995399528183e+06 2.871938702590237540e+02
-5.774222710126196034e+00 8.094107723427612151e+37 1.794282981069463913e+37 1.010948509048670530e+06 2.859835735481233883e+02
-5.750473040126962587e+00 8.231535908456511111e+37 1.787756795903138394e+37 1.010971148657116457e+06 2.849725286647134794e+02
-5.726428102207137272e+00 8.367635928919388476e+37 1.781752974821816009e+37 1.010993594686265220e+06 2.840766913930423243e+02
-5.701403347644372843e+00 8.506185880543542595e+37 1.776391816281836271e+37 1.011016472683847765e+06 2.833188941231455260e+02
-5.674666955223074183e+00 8.650670966600475625e+37 1.771314342966487420e+37 1.011040380194900557e+06 2.826407721554846262e+02
-5.646943678992101923e+00 8.796974041256665449e+37 1.766882841041242867e+37 1.011064639961149544e+06 2.821040714590588436e+02
-5.620945741000468843e+00 8.930504156096267841e+37 1.763562155658749772e+37 1.011086850962554221e+06 2.817461177907366618e+02
-5.595483168974169530e+00 9.058457451085649917e+37 1.760946463296801272e+37 1.011108189063048339e+06 2.815244180174074131e+02
-5.569743011321406811e+00 9.184484450761640669e+37 1.758850785952189943e+37 1.011129282034595148e+06 2.813988883512407710e+02
-5.542976105993147939e+00 9.312375730879771427e+37 1.757291338896032832e+37 1.011150761061855243e+06 2.813948160172217854e+02
-5.514385254093213007e+00 9.445178134089216718e+37 1.756326945790115839e+37 1.011173166785921785e+06 2.815193262080894669e+02
-5.482995696133002639e+00 9.587058641797646788e+37 1.755728132946862975e+37 1.011197216620003106e+06 2.817723020433980423e+02
-5.452449635777156800e+00 9.721023173480510801e+37 1.755726537175742877e+37 1.011220050087606302e+06 2.821322385258903864e+02
-5.423256594731356017e+00 9.845430965386688751e+37 1.756092167379716301e+37 1.011241375564924092e+06 2.825601149560280305e+02
-5.394345825858181342e+00 9.965354789426946456e+37 1.756914271749203051e+37 1.011262069744765409e+06 2.830942471835286938e+02
-5.364917788596358150e+00 1.008410591074539683e+38 1.757959268157216985e+37 1.011282740781460190e+06 2.837287969735048136e+02
-5.334225746977608651e+00 1.020469197907494119e+38 1.759268445501975778e+37 1.011303862330783275e+06 2.844611371967222908e+02
-5.301462580813677050e+00 1.032927813248728171e+38 1.760992680590258037e+37 1.011325800099785090e+06 2.852866301909272124e+02
-5.265631485017365776e+00 1.046153245651387389e+38 1.763098610237623290e+37 1.011349259818283492e+06 2.862740145840285777e+02
-5.230687555434997194e+00 1.058650144680714751e+38 1.765243207852516809e+37 1.011371623317308142e+06 2.872943117531293638e+02
-5.197291936477995478e+00 1.070261872860047654e+38 1.767294961810287755e+37 1.011392576787639409e+06 2.883169544883854201e+02
-5.164266923078685068e+00 1.081448840776181984e+38 1.769369897610227002e+37 1.011412928063433734e+06 2.893812671418304490e+02
-5.130725068025640212e+00 1.092487965842515663e+38 1.771575725640560346e+37 1.011433212967622909e+06 2.905192386636953188e+02
-5.095827602417557500e+00 1.103697299968502267e+38 1.773720166611603315e+37 1.011453986161244102e+06 2.917439180174987996e+02
-5.058654531909269281e+00 1.115322654208750195e+38 1.775998241791938756e+37 1.011475742112218402e+06 2.930967521891321326e+02
-5.021101488135172985e+00 1.126766242479132565e+38 1.778219011935237393e+37 1.011497386235052603e+06 2.945117061934277558e+02
-4.985315534184337594e+00 1.137432090185397043e+38 1.780303826476142649e+37 1.011517748605065397e+06 2.959129971088827915e+02
-4.949951820235583000e+00 1.147744079264322420e+38 1.782369108494054047e+37 1.011537646375558921e+06 2.973571223145368094e+02
-4.913984901286312379e+00 1.158028038607355987e+38 1.784467349079591290e+37 1.011557685115028755e+06 2.988839789845423525e+02
-4.876408866184647195e+00 1.168572895323265763e+38 1.786659754807065868e+37 1.011578440819758340e+06 3.005416914388813439e+02
-4.836933093029074371e+00 1.179454712884239893e+38 1.788920462529873138e+37 1.011600087107199128e+06 3.023517209090034044e+02
-4.799514766826177947e+00 1.189594516444669196e+38 1.791153158618534521e+37 1.011620472979453974e+06 3.041390468512482812e+02
-4.762615242565516382e+00 1.199463360617754743e+38 1.793437987265968666e+37 1.011640515953538357e+06 3.059906926177368973e+02
-4.725107537873554975e+00 1.209382335464137432e+38 1.795871091810535172e+37 1.011660839315484394e+06 3.079574309434909765e+02
-4.685891301473020576e+00 1.219637990381285376e+38 1.798648794468423200e+37 1.011682079671011656e+06 3.101281030005321213e+02
-4.643770563649013638e+00 1.230552834218187545e+38 1.801835202938875171e+37 1.011704905101519660e+06 3.125811552570893923e+02
-4.602394223824376240e+00 1.241188243749078687e+38 1.805282843990717826e+37 1.011727388296136400e+06 3.151301451775879059e+02
-4.562303801663802005e+00 1.251434709486642589e+38 1.808920102477896653e+37 1.011749239886996569e+06 3.177265429127681386e+02
-4.522187095397384837e+00 1.261652156470352916e+38 1.812903573653408557e+37 1.011771227446222096e+06 3.204733930900557084e+02
-4.480955857856315561e+00 1.272127707267910528e+38 1.817424854199813367e+37 1.011793966907952796e+06 3.234514996874792701e+02
-4.437508790899300948e+00 1.283163649261792421e+38 1.822682099791009338e+37 1.011818127690617810e+06 3.267821515435470587e+02
-4.390614641990396194e+00 1.295083672619642106e+38 1.829017946537276921e+37 1.011844465946335578e+06 3.306023775565005849e+02
-4.346065026911674067e+00 1.306439253362363548e+38 1.835657660817493129e+37 1.011869761565938476e+06 3.344465962972595889e+02
-4.302480339334579185e+00 1.317583353794022402e+38 1.842752861282255556e+37 1.011894779393556295e+06 3.383976525416035201e+02
-4.258615511498646811e+00 1.328849693125616509e+38 1.850521733318657433e+37 1.011920257475841092e+06 3.425878261540311769e+02
-4.213335510270553641e+00 1.340541121936682846e+38 1.859235526447523623e+37 1.011946895312229171e+06 3.471575742089777918e+02
-4.165455468319123611e+00 1.352985330595938308e+38 1.869237841401149397e+37 1.011975462747750804e+06 3.522571186159613035e+02
-4.119432354040327482e+00 1.365042083915657717e+38 1.879636957609953376e+37 1.012003351624691277e+06 3.574458090559639345e+02
-4.074091467293328606e+00 1.377007260857159960e+38 1.890617547292625816e+37 1.012031208194340346e+06 3.628042045450110322e+02
-4.028116651446907781e+00 1.389240271972660785e+38 1.902516445213097978e+37 1.012059899118493893e+06 3.685226372237984833e+02
-3.980229362074169330e+00 1.402089392956814030e+38 1.915739502934413713e+37 1.012090232386521646e+06 3.747891315910072763e+02
-3.929030314408009872e+00 1.415954930512494009e+38 1.930810095315365505e+37 1.012123218727830681e+06 3.818471977968985129e+02
-3.875840609602164477e+00 1.430497496573585161e+38 1.947425466331680063e+37 1.012158086672961013e+06 3.895726070390548443e+02
-3.825065797165734693e+00 1.444508482235403062e+38 1.964139066817270768e+37 1.012191919161871774e+06 3.973017199834669668e+02
-3.774931230174843222e+00 1.458468461591596172e+38 1.981473296775029778e+37 1.012225902768441709e+06 4.053156649513348952e+02
-3.724195300004794262e+00 1.472713629889355537e+38 1.999828577796501125e+37 1.012260835807029740e+06 4.137949075863376720e+02
-3.671714146024896763e+00 1.487567974378816979e+38 2.019572377682380824e+37 1.012297541920899297e+06 4.229553474473464121e+02
-3.616293547704117373e+00 1.503376833082165010e+38 2.041196195898670415e+37 1.012336943895539967e+06 4.330619297527733238e+02
-3.556562509824289009e+00 1.520544008433345466e+38 2.065380757290307355e+37 1.012380100201785914e+06 4.444408346528937273e+02
-3.503777686011744663e+00 1.535817487306611288e+38 2.087469453589856653e+37 1.012418862806777121e+06 4.549443986108717581e+02
-3.457302427021204494e+00 1.549339124467575988e+38 2.107409026353542975e+37 1.012453453666819260e+06 4.645432200400172746e+02
-3.416528828704031184e+00 1.561246177791616892e+38 2.125256851807274342e+37 1.012484113327722414e+06 4.732054463871712642e+02
-3.380707485834136605e+00 1.571746098522331168e+38 2.141197573568755562e+37 1.012511358785030548e+06 4.810545658478159226e+02
-3.349222005781484768e+00 1.580985686455529012e+38 2.155432363673766304e+37 1.012535468347589253e+06 4.881334718837758260e+02
-3.321356185217155144e+00 1.589186966922298874e+38 2.168092508439351344e+37 1.012556971101185656e+06 4.944625511062546366e+02
-3.296229193714680150e+00 1.596584655461647232e+38 2.179654422228233752e+37 1.012576461572696571e+06 5.003229887551885327e+02
-3.272637525573372841e+00 1.603538314837610848e+38 2.190639818843752664e+37 1.012594851847192505e+06 5.059003521727842099e+02
-3.247439724262221716e+00 1.610968612079481409e+38 2.202358911978782547e+37 1.012614604495591484e+06 5.119382546596321504e+02
-3.197296099649975076e+00 1.625760021215477224e+38 2.226074824903438871e+37 1.012654197879788815e+06 5.242917126960617225e+02
-3.139927523530786857e+00 1.642695222279076292e+38 2.253514119086080598e+37 1.012699968032269622e+06 5.388972649826677070e+02
-3.076300993503537029e+00 1.661445649569369358e+38 2.284383062962748027e+37 1.012751311350336880e+06 5.557042202642273878e+02
-3.014991903968621045e+00 1.679483783941919114e+38 2.314462411550455810e+37 1.012801296152769472e+06 5.724848465777470210e+02
-2.954203464309102856e+00 1.697299661569318154e+38 2.344479366516433395e+37 1.012851334828686784e+06 5.896866652553111408e+02
-2.892642336344579235e+00 1.715264705554368954e+38 2.375113312849132750e+37 1.012902428776091780e+06 6.076748002490138560e+02
-2.829029762782738544e+00 1.733683731263942109e+38 2.406789582787075924e+37 1.012955588029381586e+06 6.268529086561441090e+02
-2.761955985581153072e+00 1.752955304996861606e+38 2.440190112342032933e+37 1.013012028929398744e+06 6.477426663180924606e+02
-2.692752010538242757e+00 1.772606130325057568e+38 2.474555322425860422e+37 1.013070566598698264e+06 6.699749566631778634e+02
-2.626632423081900924e+00 1.791167527039948743e+38 2.507351319516169079e+37 1.013126755510914489e+06 6.918784107610471210e+02
-2.561549730758997612e+00 1.809182565959813816e+38 2.539329999308254441e+37 1.013182205249405117e+06 7.140108298839032841e+02
-2.495952315046451986e+00 1.827096605677036166e+38 2.571252594216991648e+37 1.013238203388010268e+06 7.369267570699785210e+02
-2.428359858095063828e+00 1.845199875884332520e+38 2.603881365352754910e+37 1.013295830106261070e+06 7.611908936882917942e+02
-2.357166835136013106e+00 1.863916619080541069e+38 2.637902612427062617e+37 1.013356498345991364e+06 7.874473520155951292e+02
-2.285648476434289478e+00 1.882292280947175901e+38 2.671421159109572031e+37 1.013417251471033087e+06 8.144671700009206461e+02
-2.216456109177670442e+00 1.899698222604853478e+38 2.703172570473102387e+37 1.013475867962610093e+06 8.411968270823117564e+02
-2.147610980769968592e+00 1.916558204621436288e+38 2.734446963365114545e+37 1.013533756886502961e+06 8.684015530488597960e+02
-2.077461897337343544e+00 1.933275339212995673e+38 2.765522886672980611e+37 1.013592287049570936e+06 8.966292870279542058e+02
-2.005968552577542141e+00 1.949823620741247214e+38 2.796376629884801016e+37 1.013651357894093846e+06 9.258602372940662235e+02
-1.935575848314329050e+00 1.965619006673709494e+38 2.826118106670208198e+37 1.013708866080932203e+06 9.551029620389572301e+02
-1.864724018887500279e+00 1.981020827350213535e+38 2.855692957541719700e+37 1.013766076076406054e+06 9.850589474240578056e+02
-1.793778866180218756e+00 1.995853817588625649e+38 2.884298885701333900e+37 1.013822384325549705e+06 1.015440384237264198e+03
-1.722682600258849561e+00 2.010193196885345510e+38 2.912353172764117758e+37 1.013877910637377528e+06 1.046268840083333316e+03
-1.651241908868541941e+00 2.024047175530612786e+38 2.939876143190590791e+37 1.013932626270347973e+06 1.077532232944695579e+03
-1.579368880920810625e+00 2.037346012283007710e+38 2.966886530285002656e+37 1.013986293613863410e+06 1.109236143734885218e+03
-1.506974042596993968e+00 2.050232528128861336e+38 2.992673415154405482e+37 1.014039246802113252e+06 1.141164664690473273e+03
-1.434375034572440200e+00 2.062497280291226077e+38 3.018215787320535363e+37 1.014090706545630237e+06 1.173304916050192787e+03
-1.360372983501292765e+00 2.074389949612505938e+38 3.043027340920726565e+37 1.014141518409967073e+06 1.205862954692901667e+03
-1.285867412647348829e+00 2.085751632253668561e+38 3.067030670246111998e+37 1.014190901636311901e+06 1.238305107896040226e+03
-1.210973215827834792e+00 2.096560127012324928e+38 3.090162789220118205e+37 1.014238616966267698e+06 1.270462891899900796e+03
-1.133554325817385688e+00 2.106950978005257559e+38 3.112692089786727677e+37 1.014285310159984161e+06 1.302896636181954818e+03
-1.053126623926800676e+00 2.117144257639434535e+38 3.134513806918846188e+37 1.014331616693554213e+06 1.335567147860395153e+03
-9.743040699395351112e-01 2.126309704538196294e+38 3.155205889071626481e+37 1.014373936937398859e+06 1.366777906589785289e+03
-8.948406456474913284e-01 2.134892704614423813e+38 3.174469791443812227e+37 1.014413884289818117e+06 1.396874133307942429e+03
-8.127823120303219184e-01 2.142998985541032079e+38 3.193012254314704834e+37 1.014451866316789645e+06 1.426287729320596554e+03
-7.260685936344088987e-01 2.150717980515761742e+38 3.211171564856243050e+37 1.014488149299410055e+06 1.455511634974678827e+03
-6.327701410336885601e-01 2.158109172690143428e+38 3.229402769146306396e+37 1.014522780390046770e+06 1.484472993247237127e+03
-5.429266311984974891e-01 2.164253328693904565e+38 3.245176234381459761e+37 1.014551157214324921e+06 1.509533453932490374e+03
-4.538341652660164982e-01 2.169498919371178237e+38 3.259383625446763689e+37 1.014574700737882056e+06 1.531321978938937946e+03
-3.635426307300804183e-01 2.173852676683050686e+38 3.271402886122269736e+37 1.014593043088826002e+06 1.549502261496918209e+03
-2.701806970289908350e-01 2.177340878270136848e+38 3.282112552977263664e+37 1.014605944334461237e+06 1.563718044393099490e+03
-1.717673082312103361e-01 2.179942627789079391e+38 3.290251431111042184e+37 1.014612926217645640e+06 1.573238626571729128e+03
-8.186559607565868646e-02 2.181312504148433946e+38 3.295670421648131586e+37 1.014613198207059177e+06 1.577695300878433954e+03
0.000000000000000000e+00 2.181942507749731440e+38 3.298472860055587464e+37 1.014609199348550406e+06 1.578071105172457465e+03
7.422640257573220879e-02 2.181529319873812411e+38 3.299575544871209384e+37 1.014599741556785302e+06 1.574358646111209509e+03
1.412574325222522020e-01 2.180823222962201865e+38 3.298928380820111587e+37 1.014588843123189290e+06 1.568669025799662677e+03
2.013728436868404970e-01 2.179823560410594382e+38 3.297633797794584969e+37 1.014576952887751162e+06 1.561898431452699697e+03
2.557693493290571496e-01 2.178472385913954175e+38 3.295000380595056459e+37 1.014563464704498765e+06 1.553526076825694417e+03
3.058069996041012928e-01 2.176997488275993591e+38 3.292507699894491797e+37 1.014549722475726041e+06 1.544767765684920960e+03
3.536394272960023955e-01 2.175292206041374367e+38 3.288840460696828072e+37 1.014534708361580153e+06 1.535037447716443921e+03
4.052695196296554059e-01 2.173254129356925071e+38 3.284058965104108390e+37 1.014517171086771530e+06 1.523230029056920557e+03
5.080134033778449520e-01 2.168221682096891954e+38 3.271782838121852319e+37 1.014476706304241903e+06 1.495297188722875262e+03
5.876770407339790836e-01 2.163484330753910569e+38 3.259991109823370726e+37 1.014440765928819543e+06 1.470126609218843214e+03
6.983543295209528878e-01 2.155888869539949370e+38 3.239194618081603041e+37 1.014385249524032581e+06 1.429997042665296249e+03
8.262068118783645332e-01 2.145464437201331374e+38 3.209586620948122617e+37 1.014313289949286147e+06 1.377710786722232342e+03
9.647241053025936708e-01 2.132310093507770035e+38 3.171386825006179665e+37 1.014227540067189955e+06 1.315649073864151433e+03
1.117803742046817206e+00 2.115738735425731441e+38 3.122083687757483487e+37 1.014125749354514061e+06 1.242849032403231377e+03
1.280116455382085405e+00 2.095981662315779120e+38 3.062435543435942879e+37 1.014012054815755575e+06 1.163554190231846405e+03
1.436261836759513244e+00 2.074988483149996154e+38 2.998536561234581511e+37 1.013899200195081881e+06 1.087308762189139316e+03
1.590773986463318579e+00 2.052745282138733263e+38 2.929915091300977220e+37 1.013786400128050707e+06 1.013459414779812050e+03
1.746710479419562034e+00 2.028883846868521573e+38 2.856572206074256896e+37 1.013672881805718062e+06 9.425353102711175097e+02
1.906697384882136248e+00 2.003278185054326864e+38 2.777767376762506045e+37 1.013557512454526732e+06 8.728828450438089703e+02
2.073333009539055638e+00 1.975546737039733160e+38 2.693024536201415253e+37 1.013439514975437662e+06 8.043619016688566035e+02
2.249472935291123576e+00 1.945386971117579342e+38 2.602035666447045829e+37 1.013318279656757717e+06 7.373008373793002193e+02
2.438487681138212793e+00 1.912348494028180476e+38 2.503408328445832241e+37 1.013192738947084756e+06 6.714872785127479347e+02
2.644637255114503205e+00 1.875791541148564242e+38 2.395724223973996749e+37 1.013061744349674438e+06 6.066473296151399381e+02
2.873636515229009092e+00 1.834964305016829664e+38 2.277585428413907084e+37 1.012923700568794622e+06 5.422911360985799547e+02
3.133629576186649501e+00 1.788870199265556103e+38 2.147063331834779110e+37 1.012777005414422369e+06 4.786447806667447935e+02
3.389929353914340027e+00 1.744185936070344387e+38 2.023509050568881074e+37 1.012642527276687673e+06 4.242412595062001515e+02
3.642353682545945048e+00 1.701315996478825475e+38 1.908066816283392294e+37 1.012519597648594179e+06 3.779856789101338563e+02
3.896530602112761699e+00 1.659677528107924333e+38 1.799070689014569718e+37 1.012405427629686310e+06 3.381244682803394426e+02
4.157338202014216222e+00 1.618715993293982287e+38 1.695799356899723345e+37 1.012297411285768845e+06 3.035496494952103035e+02
4.429187227768125013e+00 1.578052631442858717e+38 1.597047789070792551e+37 1.012193840677123633e+06 2.730080756691443753e+02
4.716739172014058568e+00 1.537570749227488405e+38 1.502397088602025667e+37 1.012094076240627212e+06 2.461277176219915930e+02
5.025397244928171858e+00 1.496784395979046351e+38 1.412278265239951709e+37 1.011996380366444006e+06 2.225096272944721818e+02
5.361872860434232280e+00 1.455630351633768489e+38 1.325929379055502205e+37 1.011900663138404372e+06 2.019233878007791532e+02
5.734994174446910620e+00 1.413809998551933775e+38 1.244319335038825557e+37 1.011805668467184179e+06 1.839645744149747770e+02
6.157060871672001667e+00 1.370890052743245222e+38 1.168624557800296260e+37 1.011710199007063056e+06 1.687150423629403235e+02
6.646000232736696489e+00 1.326681927500492771e+38 1.098728937814422298e+37 1.011613662680406473e+06 1.557571963793377847e+02
7.132224367567687295e+00 1.287974468467429728e+38 1.044569827831699962e+37 1.011530332871122169e+06 1.465083184525251454e+02
7.618702281164587475e+00 1.253596890081927977e+38 9.999528719928507640e+36 1.011457261710374849e+06 1.394055427759589065e+02
8.117291977716377005e+00 1.222364918103669687e+38 9.628905251615945855e+36 1.011391040140974452e+06 1.341333889443030785e+02
8.637249735824298114e+00 1.193654513599547117e+38 9.330227122507879353e+36 1.011330356742836884e+06 1.302181093638924949e+02
9.188742084137629718e+00 1.166826359291711449e+38 9.085417472247989494e+36 1.011273261120761046e+06 1.266503328200683569e+02
9.782900635225814767e+00 1.141157882002560219e+38 8.889719725165916432e+36 1.011218343133780756e+06 1.236058851283831928e+02
1.043305189086822793e+01 1.116044500412822673e+38 8.726919628869498248e+36 1.011164126537959324e+06 1.204897799222689514e+02
1.115645942922856193e+01 1.090590376139273290e+38 8.586924943657933149e+36 1.011108905399756855e+06 1.174239274291300035e+02
1.184267546123010106e+01 1.068382568319507542e+38 8.454512188428834143e+36 1.011060430647145957e+06 1.143967724666519246e+02
1.246203255820728373e+01 1.049271046843138130e+38 8.319052691077055684e+36 1.011018710043990752e+06 1.114796889075821156e+02
1.301749843811558094e+01 1.032924992504817247e+38 8.182177353261955848e+36 1.010983002336463891e+06 1.088797702322381724e+02
1.351543551254144404e+01 1.018781626286616649e+38 8.053275937721654171e+36 1.010952261974325287e+06 1.063459558565066914e+02
1.396107472054427490e+01 1.006457712083200965e+38 7.938104221267536368e+36 1.010925348525811685e+06 1.044964874089437359e+02
1.435999269186868332e+01 9.957727043291783828e+37 7.831406355739964751e+36 1.010901977038744139e+06 1.029567677467270812e+02
1.471732627270102967e+01 9.862721436048772014e+37 7.737032236863585755e+36 1.010881233305619215e+06 1.017978411376715684e+02
1.503808344232675154e+01 9.779195074048751231e+37 7.651083453802423205e+36 1.010862980070466991e+06 1.009169398348685718e+02
1.532689174015831668e+01 9.704191367985185167e+37 7.574281265048085203e+36 1.010846647347623250e+06 1.002205618398021443e+02
1.558790560209308751e+01 9.637247180378879848e+37 7.505553379243859839e+36 1.010832098036278738e+06 9.964352881914631155e+01
1.582474744890350848e+01 9.577110751897812882e+37 7.442136096505692673e+36 1.010819033022714895e+06 9.915569620361080183e+01
1.604014107599505223e+01 9.522659718471351982e+37 7.386118861607353119e+36 1.010807220457182382e+06 9.875037886157063838e+01
1.623652842588489875e+01 9.473523716296572944e+37 7.334894425091096085e+36 1.010796603542620433e+06 9.834924551365170942e+01
1.641594303058809601e+01 9.428927878794319016e+37 7.287649799243113958e+36 1.010786975595558411e+06 9.800048784825530390e+01
1.657988229226612020e+01 9.388290711929881151e+37 7.244557766321889606e+36 1.010778211958794971e+06 9.770403537797952254e+01
1.673066793035832234e+01 9.351075813823411818e+37 7.204818392703846312e+36 1.010770194739188184e+06 9.741387749637216587e+01
1.687309138836280908e+01 9.315876069999478729e+37 7.169443177252020362e+36 1.010762631316057174e+06 9.717721677808683012e+01
1.702577573980670422e+01 9.278121857200382154e+37 7.131904275318416067e+36 1.010754512247834238e+06 9.700247202772500543e+01
1.732961759918543976e+01 9.202127249984391363e+37 7.065479783408017888e+36 1.010738276471976191e+06 9.696265029473006791e+01
1.755245375598315150e+01 9.147475401104982406e+37 7.014481111871286011e+36 1.010726609461400774e+06 9.684934989987097254e+01
1.783295070988242514e+01 9.078830939133135531e+37 6.952695342388344213e+36 1.010712017705006292e+06 9.676530910459227641e+01
1.816690338232729118e+01 8.997734807442148986e+37 6.878706898340404819e+36 1.010694940336954547e+06 9.674324326257115558e+01
1.858209622970025521e+01 8.898224511571567109e+37 6.786691033249730449e+36 1.010673850934211281e+06 9.647467632796228543e+01
1.912841924586973619e+01 8.768966983319279932e+37 6.662558892969809136e+36 1.010646498444893630e+06 9.596868567402279382e+01
1.991255961626302451e+01 8.583920648291896571e+37 6.480204038662470016e+36 1.010607722411854542e+06 9.515132424591175209e+01
2.074232468348054681e+01 8.396510522310482602e+37 6.265596331115195367e+36 1.010568520727230934e+06 9.393444757490519237e+01
2.160484568531683180e+01 8.209101209815306486e+37 6.052346516205612518e+36 1.010529216933137970e+06 9.238843852047578764e+01
2.249201775997062214e+01 8.024145588950517477e+37 5.856132809727811498e+36 1.010490321606538375e+06 9.051964423106227287e+01
2.340170131009654142e+01 7.842647952466459096e+37 5.659257374399961718e+36 1.010452033336948953e+06 8.858101106157178606e+01
2.433375383599195629e+01 7.663108592420391986e+37 5.454288963356215785e+36 1.010414163000485743e+06 8.681553305449031654e+01
2.528590730291034561e+01 7.484476944286092540e+37 5.258131638904998629e+36 1.010376521706552128e+06 8.529182768000366366e+01
2.626705998521356378e+01 7.306439207592406948e+37 5.040088710154091836e+36 1.010339022043837584e+06 8.392633621790679399e+01
2.726179071888327599e+01 7.127071502434022912e+37 4.756471273617042363e+36 1.010301768090727041e+06 8.230154118068722369e+01
2.829730864994053263e+01 6.947619066570750188e+37 4.459774788186733614e+36 1.010264352479755180e+06 8.122912786182963885e+01
2.935764670973003376e+01 6.774155268572452847e+37 4.182946534462778433e+36 1.010227972560556605e+06 8.084634422422121247e+01
3.045000318987877108e+01 6.602955467857722169e+37 3.908894236175017252e+36 1.010191873122533201e+06 8.109727850826902795e+01
3.157713842995872255e+01 6.431935062417350730e+37 3.640517859893373278e+36 1.010155750152106048e+06 8.199040615155524847e+01
3.273920491860189941e+01 6.261039234811037403e+37 3.388662583691503037e+36 1.010119863445072318e+06 8.391718280302764299e+01
3.394768280317657627e+01 6.084432314928630514e+37 3.103311228583028663e+36 1.010082907695911825e+06 8.560552849869839065e+01
3.519288643370964564e+01 5.908136950515514210e+37 2.890094580923998542e+36 1.010046188166811713e+06 8.730637137461165764e+01
3.650313248096790630e+01 5.734903671959457855e+37 2.712355952804061896e+36 1.010009439572331146e+06 8.946869091302741595e+01
3.786391219438519329e+01 5.564682796012862152e+37 2.563508685613499662e+36 1.009972898357335129e+06 9.256773132568540063e+01
3.928560719545930624e+01 5.416318774404838705e+37 2.691787746907765163e+36 1.009940219195765560e+06 1.027651950324096219e+02
4.077637666415830608e+01 5.253548447335362562e+37 2.963669374849602955e+36 1.009903604140650132e+06 1.098673721749787546e+02
4.234776907421473879e+01 5.058884948356790474e+37 2.779051644747862121e+36 1.009861899776129285e+06 1.097364855431974320e+02
4.401276317595329601e+01 4.858987754528076187e+37 2.785241336001136310e+36 1.009819377418907243e+06 1.124279367012208581e+02
4.578562648354272824e+01 4.657384332329572046e+37 2.965187151026277496e+36 1.009775863918859162e+06 1.164870232186253816e+02
4.743392651421891060e+01 4.483612100486164351e+37 3.239076612686322955e+36 1.009737898808242171e+06 1.217272397261705805e+02
4.893049269782204647e+01 4.329120684829802189e+37 3.452286304672389470e+36 1.009704127426121617e+06 1.251050454826692260e+02
5.028418457729276270e+01 4.199159757383496264e+37 3.656956293424504507e+36 1.009675533569614054e+06 1.283962867307732836e+02
5.150957853038562462e+01 4.085789879036754220e+37 3.865542131770102592e+36 1.009649495728222304e+06 1.322717057757262182e+02
5.261992133950116113e+01 3.974007901714829096e+37 3.915244015268834778e+36 1.009624846919748583e+06 1.357322925653067784e+02
5.261992143953102641e+01 3.973910106563608455e+37 3.915000596524130862e+36 1.009624847029603785e+06 1.357322503107862133e+02
5.261992152537277434e+01 3.973910079436513488e+37 3.915000555657519815e+36 1.009624847028319957e+06 1.357322503630561812e+02
5.261992164298135322e+01 3.973910024690641146e+37 3.915000456188788081e+36 1.009624847027023323e+06 1.357322502590346858e+02
5.261992180840752553e+01 3.973909934317206384e+37 3.915000283215247943e+36 1.009624847026073956e+06 1.357322497804368595e+02
5.261992204884882085e+01 3.973909848157410314e+37 3.915000143581167730e+36 1.009624847026643693e+06 1.357322483439621124e+02
5.261992231411568355e+01 3.973909900014507187e+37 3.915000352870524271e+36 1.009624847029081197e+06 1.357322460716093531e+02
5.261992261721752584e+01 3.973910129774244669e+37 3.915001013716698926e+36 1.009624847031820798e+06 1.357322434925079619e+02
5.261992296477546915e+01 3.973910101861502341e+37 3.915001050861798892e+36 1.009624847026283969e+06 1.357322438330289174e+02
5.261992338755226228e+01 3.973907041342371883e+37 3.914993612027372292e+36 1.009624846945326542e+06 1.357322724528142146e+02
5.261992393218679354e+01 3.973905977003163211e+37 3.914991147189901958e+36 1.009624846137309680e+06 1.357325767786826987e+02
5.261992468177049886e+01 3.973828837142334180e+37 3.914801672252930803e+36 1.009624841230606660e+06 1.357344391030525230e+02
5.261992556758923456e+01 3.973767883780949408e+37 3.914653432123725058e+36 1.009624826685769600e+06 1.357399796949258644e+02
5.261992667980666738e+01 3.973866323226511810e+37 3.914894220622326126e+36 1.009624803600531770e+06 1.357488161334828192e+02
5.261992837977595627e+01 3.974150166613254850e+37 3.915606016114787637e+36 1.009624803210644983e+06 1.357489571185448369e+02
5.261993176270334516e+01 3.974066112652429847e+37 3.915393663409681470e+36 1.009624848582445644e+06 1.357316079812061105e+02
5.261993849472492002e+01 3.973975417601482630e+37 3.915168078126509322e+36 1.009624856790063204e+06 1.357284595458974934e+02
5.261995189145090990e+01 3.974000741313037336e+37 3.915235510432260414e+36 1.009624854471423547e+06 1.357292709347501045e+02
5.261997855095250998e+01 3.974000320308175180e+37 3.915242684656087478e+36 1.009624859138882020e+06 1.357273673307444426e+02
5.262001562348450534e+01 3.973996570703105041e+37 3.915244736275303865e+36 1.009624863392125815e+06 1.357255706021632022e+02
5.262006432672205847e+01 3.973991933173948786e+37 3.915248154115856448e+36 1.009624867289177841e+06 1.357238524482308151e+02
5.262013063181075267e+01 3.973985595173894122e+37 3.915252746156650857e+36 1.009624876817022217e+06 1.357199255133865563e+02
5.262016808785847388e+01 3.973981950611239497e+37 3.915255179460480042e+36 1.009624879801762174e+06 1.357186143900498507e+02
5.262020794395357370e+01 3.973978107775943714e+37 3.915257857054427069e+36 1.009624881948918337e+06 1.357176076671372869e+02
5.262025261259987019e+01 3.973973769076888485e+37 3.915260778232362969e+36 1.009624883505391306e+06 1.357167998474518242e+02
5.262030628630600404e+01 3.973968532950308077e+37 3.915264231367974141e+36 1.009624884552896954e+06 1.357161390193882369e+02
5.262037793750641868e+01 3.973961511388994223e+37 3.915268761943706691e+36 1.009624885076058214e+06 1.357155861482393675e+02
5.262048705673078075e+01 3.973950753809237335e+37 3.915275500861961881e+36 1.009624884844780550e+06 1.357151306843856844e+02
5.262068284631823190e+01 3.973931261204127793e+37 3.915287115595104070e+36 1.009624883070897195e+06 1.357148241028776567e+02
5.262107246760569979e+01 3.973893991700102559e+37 3.915314042819680084e+36 1.009624877880922519e+06 1.357148376996387356e+02
5.262184781396354083e+01 3.973819843980949027e+37 3.915367689721396007e+36 1.009624865639055148e+06 1.357155842162293027e+02
5.262294960897997953e+01 3.973699571327743939e+37 3.915406590817335440e+36 1.009624846830388880e+06 1.357171770287168897e+02
5.262465120565320831e+01 3.973524129790649887e+37 3.915492563962930374e+36 1.009624816764957970e+06 1.357200228771052650e+02
5.262781594689295162e+01 3.973209943351947754e+37 3.915676877561606871e+36 1.009624759396944544e+06 1.357258084829371683e+02
5.263324442553857807e+01 3.972681205453873121e+37 3.915997184647007111e+36 1.009624659028102295e+06 1.357362733841662816e+02
5.263997904300049413e+01 3.972028828398356177e+37 3.916404727503442614e+36 1.009624532569195842e+06 1.357500301098553166e+02
5.264808331897074822e+01 3.971248511794901122e+37 3.916908901819647563e+36 1.009624378943674848e+06 1.357671904237609510e+02
5.265792845592659432e+01 3.970310322176630443e+37 3.917548902278004879e+36 1.009624191341012600e+06 1.357884941902721891e+02
5.267129019137064461e+01 3.969049902390490206e+37 3.918455892718019430e+36 1.009623936665047309e+06 1.358176025590954339e+02
5.268969162282883190e+01 3.967351149656211493e+37 3.919812936506723913e+36 1.009623587174442946e+06 1.358575766626452719e+02
5.271804212218557950e+01 3.964813600173645851e+37 3.922150930166074979e+36 1.009623053170612431e+06 1.359184021269335574e+02
5.276440269050362986e+01 3.960841665885934684e+37 3.926526189313640782e+36 1.009622192955514300e+06 1.360145684863751967e+02
5.282025805345620029e+01 3.956245579968328443e+37 3.932667760307133903e+36 1.009621169647614239e+06 1.361302643418468961e+02
5.289009001645899843e+01 3.950726058110695219e+37 3.941749182791201800e+36 1.009619904796759482e+06 1.362776840823541136e+02
5.299633233834174462e+01 3.942595996156566625e+37 3.958351180146307760e+36 1.009617983670861460e+06 1.365171377264244370e+02
5.316008114411670249e+01 3.929962465815710014e+37 3.989489453639636853e+36 1.009614950814020005e+06 1.369488322193497822e+02
5.333057014484074898e+01 3.916343211550569111e+37 4.025005984184609425e+36 1.009611690555023146e+06 1.374606067889104963e+02
5.350765839022642467e+01 3.901442758995529584e+37 4.060761892938539820e+36 1.009608176250069635e+06 1.380368226000809955e+02
5.368819625073228963e+01 3.885496657230978387e+37 4.094737379322869947e+36 1.009604486640331685e+06 1.386386284257510226e+02
5.387468890260788612e+01 3.868708240707486651e+37 4.125520292605674512e+36 1.009600641093853745e+06 1.392149785847807095e+02
5.407868019102897961e+01 3.849687128031650058e+37 4.152703558247672953e+36 1.009596332523612306e+06 1.398336655111096718e+02
5.428947734829853289e+01 3.829570832411293724e+37 4.173691981923907635e+36 1.009591773525577621e+06 1.404956221758404240e+02
5.451095880768843926e+01 3.807843092596793417e+37 4.190757925240326382e+36 1.009586895434926380e+06 1.411825511724966304e+02
5.478562398591020610e+01 3.780232040944840969e+37 4.201196782936913000e+36 1.009580729363369406e+06 1.419551549093730785e+02
5.503220753021014389e+01 3.755319814702553356e+37 4.207431702741306935e+36 1.009575183979534893e+06 1.426243576145018039e+02
5.532699073480034713e+01 3.725282165893884506e+37 4.208732190522125554e+36 1.009568550675947801e+06 1.433656746775357362e+02
5.569249172747367993e+01 3.688032959162365107e+37 4.211021781542532764e+36 1.009560371990978019e+06 1.442789546252361106e+02
5.616736825089901686e+01 3.640889406201623217e+37 4.227608101415926772e+36 1.009549990352672525e+06 1.455719975926921563e+02
5.682891071857011411e+01 3.577983829634820921e+37 4.280030159958208661e+36 1.009535900049729040e+06 1.476418779512891035e+02
5.751787593580957036e+01 3.514946121237531047e+37 4.332149831524689002e+36 1.009521596907125670e+06 1.495644483936453355e+02
5.815335935520124622e+01 3.458453683728563224e+37 4.380365250371953515e+36 1.009508837088731700e+06 1.512820821943064402e+02
5.874510486455983482e+01 3.407554697681541406e+37 4.428890225925207976e+36 1.009497053472085507e+06 1.528157888553303110e+02
5.930184007705247495e+01 3.359963964960199859e+37 4.478124438168505430e+36 1.009486002728953375e+06 1.542688044422829705e+02
5.983237521791306790e+01 3.315520955947821823e+37 4.529769224240229761e+36 1.009475684966114699e+06 1.556675388598784195e+02
6.034209764415572863e+01 3.273159675542670933e+37 4.577941019600165029e+36 1.009465827280501253e+06 1.569927391270312285e+02
6.084862332309421618e+01 3.230790502476892767e+37 4.615418110490702211e+36 1.009455980521418853e+06 1.580413345008197155e+02
6.137466560944449157e+01 3.186759062839271693e+37 4.649425674755881101e+36 1.009445693416939117e+06 1.591852210593779660e+02
6.200963037465407979e+01 3.133961023472738480e+37 4.684418871399784161e+36 1.009433311980140395e+06 1.604905084688649026e+02
6.276003818822209723e+01 3.072592754056779117e+37 4.713915787571858898e+36 1.009418840431841789e+06 1.618264627425185438e+02
6.345483155123656616e+01 3.016910247671564895e+37 4.737871871246040889e+36 1.009405604758853093e+06 1.629778892687085090e+02
6.410555797159031499e+01 2.965466563624251144e+37 4.767072017520189176e+36 1.009393299950001761e+06 1.641986043240830497e+02
6.472008024097885936e+01 2.916736635716370174e+37 4.794628237425409042e+36 1.009381636955794762e+06 1.653612023151545145e+02
6.530900177836883813e+01 2.870267719059725720e+37 4.826344571334269408e+36 1.009370546185079962e+06 1.665613046455017070e+02
6.589458755584200844e+01 2.824518961134701494e+37 4.850545675446654840e+36 1.009359513671124587e+06 1.676419054592349767e+02
6.652053835862898268e+01 2.776852222983323384e+37 4.868819699828911141e+36 1.009347930159848067e+06 1.686305346707061403e+02
6.715583133519976400e+01 2.729653183005424546e+37 4.880592356623148815e+36 1.009336373574832221e+06 1.694970827308069943e+02
6.775975893127906602e+01 2.685567922940559202e+37 4.887004183321189842e+36 1.009325512367271120e+06 1.702233149226828175e+02
6.835116722258680966e+01 2.642935090333559729e+37 4.892414728222001234e+36 1.009314937609512359e+06 1.709006857476638004e+02
6.896826873080863152e+01 2.598701759027816496e+37 4.900798568571432750e+36 1.009303994333568611e+06 1.717471605262043113e+02
6.964846717513864860e+01 2.549025452103672613e+37 4.918019960446632847e+36 1.009291655581066734e+06 1.728405669683814097e+02
7.028427016307250597e+01 2.502256479305446107e+37 4.934730290644764511e+36 1.009280017411872162e+06 1.738542391788873829e+02
7.089175256497401278e+01 2.457823805395587018e+37 4.945683054255848353e+36 1.009268998241167516e+06 1.747296261843104901e+02
7.149249533590045758e+01 2.415193403013396950e+37 4.950699911421613608e+36 1.009258255320525030e+06 1.754357452539925646e+02
7.214764131576521322e+01 2.370563213776874928e+37 4.952844254842869798e+36 1.009246900952342898e+06 1.761303311338283208e+02
7.283608635920973029e+01 2.325046138759694761e+37 4.949900600965673651e+36 1.009235206540893530e+06 1.767451139466858763e+02
7.348185791628202423e+01 2.283128945508010251e+37 4.943317334397252467e+36 1.009224317819078569e+06 1.772040833099089241e+02
7.410285811404173728e+01 2.243275302179963880e+37 4.939799963873145768e+36 1.009213895557417418e+06 1.776948901836318839e+02
7.473306745759327896e+01 2.202745051787377034e+37 4.934142098305806505e+36 1.009203261277417652e+06 1.781596583217705358e+02
7.548897515212593134e+01 2.155143745890821192e+37 4.934159912139150782e+36 1.009190637561826385e+06 1.788433864634495194e+02
7.626920030381006654e+01 2.107694147002295135e+37 4.940199780222350100e+36 1.009177867088561994e+06 1.796971697866255511e+02
7.699251269374508411e+01 2.064638187994741849e+37 4.946790988879699829e+36 1.009166165798218222e+06 1.805392632793694929e+02
7.766895802608632948e+01 2.025035492799488221e+37 4.955126563287587956e+36 1.009155301234506886e+06 1.813793021986602696e+02
7.831577258165634703e+01 1.987647674930259971e+37 4.957912287190370323e+36 1.009144979276413331e+06 1.820735302132877109e+02
7.896766671451041475e+01 1.949963537656052960e+37 4.959800941599504203e+36 1.009134616023190436e+06 1.828301609289337648e+02
7.973523070575902238e+01 1.905736423450387676e+37 4.946144627320687024e+36 1.009122392569366959e+06 1.833175453825980981e+02
8.061834126221947372e+01 1.855642358718695884e+37 4.922891233371249950e+36 1.009108338169962983e+06 1.836865420890344183e+02
8.143338578671682626e+01 1.811181143756031512e+37 4.898137272610732969e+36 1.009095733337191516e+06 1.839149360024675843e+02
8.218898878124309704e+01 1.771349632780565486e+37 4.874973342840307044e+36 1.009084374715160928e+06 1.840814297923363654e+02
8.290276422425813507e+01 1.734930262541418529e+37 4.861238363802667921e+36 1.009073789517568192e+06 1.844854481637027845e+02
8.360061200402560644e+01 1.700109143729323988e+37 4.849909834088754501e+36 1.009063516609872459e+06 1.849576018455577469e+02
8.435125467370380647e+01 1.663461387728650660e+37 4.838515545800716482e+36 1.009052604139731498e+06 1.854854031342532323e+02
8.545366562361596152e+01 1.609352489844502254e+37 4.812796816568520253e+36 1.009036455995891942e+06 1.861871488640238965e+02
8.646980272626387887e+01 1.560416521261162642e+37 4.779331027645977742e+36 1.009021693098712130e+06 1.865054679953206005e+02
8.740852889927919023e+01 1.517620198391096668e+37 4.758729249497373493e+36 1.009008481734214583e+06 1.870744206658301323e+02
8.828062005819811020e+01 1.479021382398844706e+37 4.741301639131181146e+36 1.008996295667336555e+06 1.877248018154191129e+02
8.909946752252290025e+01 1.443734326200277864e+37 4.718618888740587108e+36 1.008985012029116624e+06 1.882127902626652087e+02
8.989054020008188672e+01 1.409915865536121486e+37 4.698900042315157578e+36 1.008974096371425549e+06 1.887408618129527724e+02
9.070285735194920562e+01 1.375711482944799671e+37 4.679725030493787673e+36 1.008962918543415028e+06 1.892845536218452196e+02
9.169293902309436817e+01 1.334438585610146302e+37 4.650418356550476702e+36 1.008949295353862690e+06 1.897780204626564284e+02
9.286938489993917756e+01 1.286545461837658663e+37 4.609388426287435736e+36 1.008933338406792493e+06 1.902162998528447133e+02
9.396979080882738344e+01 1.243842524454392946e+37 4.567960978648334649e+36 1.008918747733850149e+06 1.905735065304573936e+02
9.500554216546879616e+01 1.205130676474265954e+37 4.532270506718973085e+36 1.008905354665709427e+06 1.911272886829615345e+02
9.599681392216007225e+01 1.169246833832102323e+37 4.496306706289507154e+36 1.008892742682363256e+06 1.915839154946122846e+02
9.697270616948662791e+01 1.134408596540708716e+37 4.458130781138329004e+36 1.008880223614572431e+06 1.918547655322234675e+02
9.799249868755578063e+01 1.097830143923283331e+37 4.405680239632747156e+36 1.008866975553862867e+06 1.918126481802534613e+02
9.923647502160747536e+01 1.053561237223731180e+37 4.330445932348911489e+36 1.008850769597099279e+06 1.914505589860106625e+02
1.009501714606885798e+02 9.947960728129359546e+36 4.222396119190154400e+36 1.008828789178581908e+06 1.907481888346148651e+02
1.026163068090827437e+02 9.411509401466892371e+36 4.118956902214733287e+36 1.008808037926041521e+06 1.899594869137694957e+02
1.042594482178101316e+02 8.910761191588936395e+36 4.016959011194335468e+36 1.008788029230774380e+06 1.890564898921944916e+02
1.059086686477094190e+02 8.431757489621049193e+36 3.916161539642522657e+36 1.008768375743952696e+06 1.881166197569731366e+02
1.076022573355148779e+02 7.965711549994782968e+36 3.810429993086292381e+36 1.008748600896444754e+06 1.868138347674789088e+02
1.093947417859453708e+02 7.492215664556738920e+36 3.686727533805891541e+36 1.008727991660906118e+06 1.848880879089543612e+02
1.113711783795588417e+02 6.994460513215976851e+36 3.541828230772976509e+36 1.008705793065075646e+06 1.824828802119648117e+02
1.136967454115510918e+02 6.460628623651625148e+36 3.368735695890846936e+36 1.008680927163393353e+06 1.789880574858012778e+02
1.170101942509354558e+02 5.770555659411130013e+36 3.107373877927350882e+36 1.008647289880096912e+06 1.731025883967945163e+02
1.211229950746055692e+02 5.027619216220292112e+36 2.756620770080704905e+36 1.008608924178332090e+06 1.637847581475561185e+02
1.261445950668567093e+02 4.249509367751150566e+36 2.291095528902675766e+36 1.008566241523641162e+06 1.490789667986135782e+02
1.319604227168165380e+02 3.518849516516832579e+36 1.769398900952283158e+36 1.008522586511151283e+06 1.294099848327626034e+02
1.399175332209269982e+02 2.896499839092264505e+36 1.212331597592787514e+36 1.008486226585708093e+06 1.046641103913704285e+02
1.496194697461760370e+02 1.790372409052979186e+36 0.000000000000000000e+00 1.008366558566505555e+06 0.000000000000000000e+00
